M = 99999999.0;
numWorkers = 25;
numRoles = 4;
numNodes = 30;
wStart = [0, 24.12440720779895, 68.1610749706283, 212.18848221707202, 209.88529932837906, 279.8117566912886, 98.22257298303329, 419.4069998777977, 122.58277514129544, 325.6943661510876, 324.57728142404943, 247.89697732380253, 383.5555509785808, 87.72975912175737, 396.4293160225176, 141.60115739722482, 159.95331728435437, 328.04974009510084, 25.398515175653824, 256.93124982225083, 105.63873556688075, 6.152648892113293, 73.74378796272484, 257.3360052461317, 77.28831520199687, 112.69805560812543, 82.13072427403714, 42.52666709671198, 261.3350624958939, 0];
wEnd = [0, 50.77630156831958, 107.72097005292142, 250.81231424959913, 247.4497324169434, 305.1898077932295, 131.8290724972962, 447.0815708143608, 157.59303093192366, 351.04979345104266, 352.058452392284, 283.5505843260094, 414.14289628918743, 127.66683341668107, 425.88457333507836, 180.9282071296558, 187.1871518063013, 356.5459203933203, 52.167753958156865, 289.1432407153138, 136.93139986273962, 38.30606621112532, 112.91831564292315, 295.5466288318176, 103.98000134732922, 147.0123420538892, 111.4384629619341, 79.4211221838343, 290.9087914147079, 450];
p = [0, 8.626233836711677, 16.043269299703727, 24.317262920898678, 14.661184258910868, 6.466027357383489, 17.017532542216575, 10.44859549799733, 20.869254231036496, 8.481285314118228, 16.609362880289634, 21.46291927243559, 18.20974796536198, 19.897618947830715, 13.153531042115045, 25.18495902431281, 13.079214923472154, 16.170140724277847, 13.30835570270963, 19.751666820750234, 20.299420819777325, 20.616411756313756, 11.058543801296016, 13.169149837179377, 10.091298137109488, 17.876990265545054, 17.277081275585115, 20.85375198122443, 16.757731588981592, 0];
e = [[1, 0, 0, 1], [1, 1, 0, 0], [0, 1, 0, 1], [0, 0, 1, 1], [0, 1, 1, 0], [1, 0, 1, 0], [1, 0, 1, 0], [0, 1, 0, 1], [1, 1, 0, 0], [0, 1, 1, 0], [0, 0, 1, 1], [1, 1, 0, 0], [0, 0, 1, 1], [1, 1, 0, 0], [1, 1, 0, 0], [0, 1, 0, 0], [0, 0, 1, 0], [1, 0, 0, 0], [1, 0, 0, 0], [0, 0, 0, 1], [0, 0, 0, 1], [0, 0, 0, 1], [0, 0, 0, 1], [0, 0, 1, 0], [0, 0, 1, 0]];
d = [[1, 1, 1, 0, 1, 1, 1, 1, 0, 1, 2, 0, 1, 1, 4, 3, 0, 0, 0, 0, 3, 0, 2, 1, 1, 1, 2, 3], [2, 1, 1, 2, 2, 4, 1, 2, 2, 0, 1, 0, 1, 1, 1, 1, 3, 2, 0, 1, 0, 1, 0, 2, 1, 3, 1, 0], [0, 1, 0, 2, 0, 3, 3, 3, 2, 1, 2, 3, 0, 2, 3, 1, 0, 2, 1, 1, 1, 2, 2, 2, 1, 1, 2, 0], [0, 0, 3, 1, 0, 0, 0, 1, 1, 1, 1, 2, 1, 0, 0, 3, 0, 3, 3, 1, 0, 1, 0, 0, 0, 1, 1, 1]];
r = [164.27619183719048, 142.32196131213584, 145.44965785823774, 118.7575273363107, 115.7248123745572, 103.11220738145238, 64.34861114420954, 106.33901815781363, 106.22628159986499, 154.91331006492246, 137.44513068762376, 144.18867473651852, 120.00073965830033, 164.08465863431843, 121.03201469322254, 123.45676794046653, 182.90042562846216, 85.56028824489951, 93.05351094712043, 148.23550036704535, 81.2660827364538, 73.31267822482361, 137.76598053492393, 99.82266773318969, 96.3401422250661, 71.14345122720943, 115.36364109091991, 119.93708235945924];
b = [[[0.0, 0.0, 0.0, 0.0, 0.0, 0.0, 0.0, 0.0, 0.0, 0.0, 0.0, 0.0, 0.0, 0.0, 0.0, 0.0, 0.0, 0.0, 0.0, 0.0, 0.0, 0.0, 0.0, 0.0, 0.0, 0.0, 0.0, 0.0], [0.0, 0.0, 0.0, 0.0, 0.0, 0.0, 0.0, 0.0, 0.0, 0.0, 0.0, 0.0, 0.0, 0.0, 0.0, 0.0, 0.0, 0.0, 0.0, 0.0, 0.0, 0.0, 0.0, 0.0, 0.0, 0.0, 0.0, 0.0], [0.0, 0.0, 0.0, 0.0, 0.0, 0.0, 0.0, 0.0, 0.0, 0.0, 0.0, 0.0, 0.0, 0.0, 0.0, 0.0, 0.0, 0.0, 0.0, 0.0, 0.0, 0.0, 0.0, 0.0, 0.0, 0.0, 0.0, 0.0], [0.0, 0.0, 0.0, 0.0, 0.0, 0.0, 0.0, 0.0, 0.0, 0.0, 0.0, 0.0, 0.0, 0.0, 0.0, 0.0, 0.0, 0.0, 0.0, 0.0, 0.0, 0.0, 0.0, 0.0, 0.0, 0.0, 0.0, 0.0]], [[0.0, 0.0, 0.0, 0.0, 0.0, 0.0, 0.0, 0.0, 0.0, 0.0, 0.0, 0.0, 0.0, 0.0, 0.0, 0.0, 0.0, 0.0, 0.0, 0.0, 0.0, 0.0, 0.0, 0.0, 0.0, 0.0, 0.0, 0.0], [0.0, 0.0, 0.0, 0.0, 0.0, 0.0, 0.0, 0.0, 0.0, 0.0, 0.0, 0.0, 0.0, 0.0, 0.0, 0.0, 0.0, 0.0, 0.0, 0.0, 0.0, 0.0, 0.0, 0.0, 0.0, 0.0, 0.0, 0.0], [0.0, 0.0, 0.0, 0.0, 0.0, 0.0, 0.0, 0.0, 0.0, 0.0, 0.0, 0.0, 0.0, 0.0, 0.0, 0.0, 0.0, 0.0, 0.0, 0.0, 0.0, 0.0, 0.0, 0.0, 0.0, 0.0, 0.0, 0.0], [0.0, 0.0, 0.0, 0.0, 0.0, 0.0, 0.0, 0.0, 0.0, 0.0, 0.0, 0.0, 0.0, 0.0, 0.0, 0.0, 0.0, 0.0, 0.0, 0.0, 0.0, 0.0, 0.0, 0.0, 0.0, 0.0, 0.0, 0.0]], [[0.0, 0.0, 0.0, 0.0, 0.0, 0.0, 0.0, 0.0, 0.0, 0.0, 0.0, 0.0, 0.0, 0.0, 0.0, 0.0, 0.0, 0.0, 0.0, 0.0, 0.0, 0.0, 0.0, 0.0, 0.0, 0.0, 0.0, 0.0], [0.0, 0.0, 0.0, 0.0, 0.0, 0.0, 0.0, 0.0, 0.0, 0.0, 0.0, 0.0, 0.0, 0.0, 0.0, 0.0, 0.0, 0.0, 0.0, 0.0, 0.0, 0.0, 0.0, 0.0, 0.0, 0.0, 0.0, 0.0], [0.0, 0.0, 0.0, 0.0, 0.0, 0.0, 0.0, 0.0, 0.0, 0.0, 0.0, 0.0, 0.0, 0.0, 0.0, 0.0, 0.0, 0.0, 0.0, 0.0, 0.0, 0.0, 0.0, 0.0, 0.0, 0.0, 0.0, 0.0], [0.0, 0.0, 0.0, 0.0, 0.0, 0.0, 0.0, 0.0, 0.0, 0.0, 0.0, 0.0, 0.0, 0.0, 0.0, 0.0, 0.0, 0.0, 0.0, 0.0, 0.0, 0.0, 0.0, 0.0, 0.0, 0.0, 0.0, 0.0]], [[0.0, 0.0, 0.0, 0.0, 0.0, 0.0, 0.0, 0.0, 0.0, 0.0, 0.0, 0.0, 0.0, 0.0, 0.0, 0.0, 0.0, 0.0, 0.0, 0.0, 0.0, 0.0, 0.0, 0.0, 0.0, 0.0, 0.0, 0.0], [0.0, 0.0, 0.0, 0.0, 0.0, 0.0, 0.0, 0.0, 0.0, 0.0, 0.0, 0.0, 0.0, 0.0, 0.0, 0.0, 0.0, 0.0, 0.0, 0.0, 0.0, 0.0, 0.0, 0.0, 0.0, 0.0, 0.0, 0.0], [0.0, 0.0, 0.0, 0.0, 0.0, 0.0, 0.0, 0.0, 0.0, 0.0, 0.0, 0.0, 0.0, 0.0, 0.0, 0.0, 0.0, 0.0, 0.0, 0.0, 0.0, 0.0, 0.0, 0.0, 0.0, 0.0, 0.0, 0.0], [0.0, 0.0, 0.0, 0.0, 0.0, 0.0, 0.0, 0.0, 0.0, 0.0, 0.0, 0.0, 0.0, 0.0, 0.0, 0.0, 0.0, 0.0, 0.0, 0.0, 0.0, 0.0, 0.0, 0.0, 0.0, 0.0, 0.0, 0.0]], [[0.0, 0.0, 0.0, 0.0, 0.0, 0.0, 0.0, 0.0, 0.0, 0.0, 0.0, 0.0, 0.0, 0.0, 0.0, 0.0, 0.0, 0.0, 0.0, 0.0, 0.0, 0.0, 0.0, 0.0, 0.0, 0.0, 0.0, 0.0], [0.0, 0.0, 0.0, 0.0, 0.0, 0.0, 0.0, 0.0, 0.0, 0.0, 0.0, 0.0, 0.0, 0.0, 0.0, 0.0, 0.0, 0.0, 0.0, 0.0, 0.0, 0.0, 0.0, 0.0, 0.0, 0.0, 0.0, 0.0], [0.0, 0.0, 0.0, 0.0, 0.0, 0.0, 0.0, 0.0, 0.0, 0.0, 0.0, 0.0, 0.0, 0.0, 0.0, 0.0, 0.0, 0.0, 0.0, 0.0, 0.0, 0.0, 0.0, 0.0, 0.0, 0.0, 0.0, 0.0], [0.0, 0.0, 0.0, 0.0, 0.0, 0.0, 0.0, 0.0, 0.0, 0.0, 0.0, 0.0, 0.0, 0.0, 0.0, 0.0, 0.0, 0.0, 0.0, 0.0, 0.0, 0.0, 0.0, 0.0, 0.0, 0.0, 0.0, 0.0]], [[0.0, 0.0, 0.0, 0.0, 0.0, 0.0, 0.0, 0.0, 0.0, 0.0, 0.0, 0.0, 0.0, 0.0, 0.0, 0.0, 0.0, 0.0, 0.0, 0.0, 0.0, 0.0, 0.0, 0.0, 0.0, 0.0, 0.0, 0.0], [0.0, 0.0, 0.0, 0.0, 0.0, 0.0, 0.0, 0.0, 0.0, 0.0, 0.0, 0.0, 0.0, 0.0, 0.0, 0.0, 0.0, 0.0, 0.0, 0.0, 0.0, 0.0, 0.0, 0.0, 0.0, 0.0, 0.0, 0.0], [0.0, 0.0, 0.0, 0.0, 0.0, 0.0, 0.0, 0.0, 0.0, 0.0, 0.0, 0.0, 0.0, 0.0, 0.0, 0.0, 0.0, 0.0, 0.0, 0.0, 0.0, 0.0, 0.0, 0.0, 0.0, 0.0, 0.0, 0.0], [0.0, 0.0, 0.0, 0.0, 0.0, 0.0, 0.0, 0.0, 0.0, 0.0, 0.0, 0.0, 0.0, 0.0, 0.0, 0.0, 0.0, 0.0, 0.0, 0.0, 0.0, 0.0, 0.0, 0.0, 0.0, 0.0, 0.0, 0.0]], [[0.0, 0.0, 0.0, 0.0, 0.0, 0.0, 0.0, 0.0, 0.0, 0.0, 0.0, 0.0, 0.0, 0.0, 0.0, 0.0, 0.0, 0.0, 0.0, 0.0, 0.0, 0.0, 0.0, 0.0, 0.0, 0.0, 0.0, 0.0], [0.0, 0.0, 0.0, 0.0, 0.0, 0.0, 0.0, 0.0, 0.0, 0.0, 0.0, 0.0, 0.0, 0.0, 0.0, 0.0, 0.0, 0.0, 0.0, 0.0, 0.0, 0.0, 0.0, 0.0, 0.0, 0.0, 0.0, 0.0], [0.0, 0.0, 0.0, 0.0, 0.0, 0.0, 0.0, 0.0, 0.0, 0.0, 0.0, 0.0, 0.0, 0.0, 0.0, 0.0, 0.0, 0.0, 0.0, 0.0, 0.0, 0.0, 0.0, 0.0, 0.0, 0.0, 0.0, 0.0], [0.0, 0.0, 0.0, 0.0, 0.0, 0.0, 0.0, 0.0, 0.0, 0.0, 0.0, 0.0, 0.0, 0.0, 0.0, 0.0, 0.0, 0.0, 0.0, 0.0, 0.0, 0.0, 0.0, 0.0, 0.0, 0.0, 0.0, 0.0]], [[0.0, 0.0, 0.0, 0.0, 0.0, 0.0, 0.0, 0.0, 0.0, 0.0, 0.0, 0.0, 0.0, 0.0, 0.0, 0.0, 0.0, 0.0, 0.0, 0.0, 0.0, 0.0, 0.0, 0.0, 0.0, 0.0, 0.0, 0.0], [0.0, 0.0, 0.0, 0.0, 0.0, 0.0, 0.0, 0.0, 0.0, 0.0, 0.0, 0.0, 0.0, 0.0, 0.0, 0.0, 0.0, 0.0, 0.0, 0.0, 0.0, 0.0, 0.0, 0.0, 0.0, 0.0, 0.0, 0.0], [0.0, 0.0, 0.0, 0.0, 0.0, 0.0, 0.0, 0.0, 0.0, 0.0, 0.0, 0.0, 0.0, 0.0, 0.0, 0.0, 0.0, 0.0, 0.0, 0.0, 0.0, 0.0, 0.0, 0.0, 0.0, 0.0, 0.0, 0.0], [0.0, 0.0, 0.0, 0.0, 0.0, 0.0, 0.0, 0.0, 0.0, 0.0, 0.0, 0.0, 0.0, 0.0, 0.0, 0.0, 0.0, 0.0, 0.0, 0.0, 0.0, 0.0, 0.0, 0.0, 0.0, 0.0, 0.0, 0.0]], [[0.0, 0.0, 0.0, 0.0, 0.0, 0.0, 0.0, 0.0, 0.0, 0.0, 0.0, 0.0, 0.0, 0.0, 0.0, 0.0, 0.0, 0.0, 0.0, 0.0, 0.0, 0.0, 0.0, 0.0, 0.0, 0.0, 0.0, 0.0], [0.0, 0.0, 0.0, 0.0, 0.0, 0.0, 0.0, 0.0, 0.0, 0.0, 0.0, 0.0, 0.0, 0.0, 0.0, 0.0, 0.0, 0.0, 0.0, 0.0, 0.0, 0.0, 0.0, 0.0, 0.0, 0.0, 0.0, 0.0], [0.0, 0.0, 0.0, 0.0, 0.0, 0.0, 0.0, 0.0, 0.0, 0.0, 0.0, 0.0, 0.0, 0.0, 0.0, 0.0, 0.0, 0.0, 0.0, 0.0, 0.0, 0.0, 0.0, 0.0, 0.0, 0.0, 0.0, 0.0], [0.0, 0.0, 0.0, 0.0, 0.0, 0.0, 0.0, 0.0, 0.0, 0.0, 0.0, 0.0, 0.0, 0.0, 0.0, 0.0, 0.0, 0.0, 0.0, 0.0, 0.0, 0.0, 0.0, 0.0, 0.0, 0.0, 0.0, 0.0]], [[0.0, 0.0, 0.0, 0.0, 0.0, 0.0, 0.0, 0.0, 0.0, 0.0, 0.0, 0.0, 0.0, 0.0, 0.0, 0.0, 0.0, 0.0, 0.0, 0.0, 0.0, 0.0, 0.0, 0.0, 0.0, 0.0, 0.0, 0.0], [0.0, 0.0, 0.0, 0.0, 0.0, 0.0, 0.0, 0.0, 0.0, 0.0, 0.0, 0.0, 0.0, 0.0, 0.0, 0.0, 0.0, 0.0, 0.0, 0.0, 0.0, 0.0, 0.0, 0.0, 0.0, 0.0, 0.0, 0.0], [0.0, 0.0, 0.0, 0.0, 0.0, 0.0, 0.0, 0.0, 0.0, 0.0, 0.0, 0.0, 0.0, 0.0, 0.0, 0.0, 0.0, 0.0, 0.0, 0.0, 0.0, 0.0, 0.0, 0.0, 0.0, 0.0, 0.0, 0.0], [0.0, 0.0, 0.0, 0.0, 0.0, 0.0, 0.0, 0.0, 0.0, 0.0, 0.0, 0.0, 0.0, 0.0, 0.0, 0.0, 0.0, 0.0, 0.0, 0.0, 0.0, 0.0, 0.0, 0.0, 0.0, 0.0, 0.0, 0.0]], [[0.0, 0.0, 0.0, 0.0, 0.0, 0.0, 0.0, 0.0, 0.0, 0.0, 0.0, 0.0, 0.0, 0.0, 0.0, 0.0, 0.0, 0.0, 0.0, 0.0, 0.0, 0.0, 0.0, 0.0, 0.0, 0.0, 0.0, 0.0], [0.0, 0.0, 0.0, 0.0, 0.0, 0.0, 0.0, 0.0, 0.0, 0.0, 0.0, 0.0, 0.0, 0.0, 0.0, 0.0, 0.0, 0.0, 0.0, 0.0, 0.0, 0.0, 0.0, 0.0, 0.0, 0.0, 0.0, 0.0], [0.0, 0.0, 0.0, 0.0, 0.0, 0.0, 0.0, 0.0, 0.0, 0.0, 0.0, 0.0, 0.0, 0.0, 0.0, 0.0, 0.0, 0.0, 0.0, 0.0, 0.0, 0.0, 0.0, 0.0, 0.0, 0.0, 0.0, 0.0], [0.0, 0.0, 0.0, 0.0, 0.0, 0.0, 0.0, 0.0, 0.0, 0.0, 0.0, 0.0, 0.0, 0.0, 0.0, 0.0, 0.0, 0.0, 0.0, 0.0, 0.0, 0.0, 0.0, 0.0, 0.0, 0.0, 0.0, 0.0]], [[0.0, 0.0, 0.0, 0.0, 0.0, 0.0, 0.0, 0.0, 0.0, 0.0, 0.0, 0.0, 0.0, 0.0, 0.0, 0.0, 0.0, 0.0, 0.0, 0.0, 0.0, 0.0, 0.0, 0.0, 0.0, 0.0, 0.0, 0.0], [0.0, 0.0, 0.0, 0.0, 0.0, 0.0, 0.0, 0.0, 0.0, 0.0, 0.0, 0.0, 0.0, 0.0, 0.0, 0.0, 0.0, 0.0, 0.0, 0.0, 0.0, 0.0, 0.0, 0.0, 0.0, 0.0, 0.0, 0.0], [0.0, 0.0, 0.0, 0.0, 0.0, 0.0, 0.0, 0.0, 0.0, 0.0, 0.0, 0.0, 0.0, 0.0, 0.0, 0.0, 0.0, 0.0, 0.0, 0.0, 0.0, 0.0, 0.0, 0.0, 0.0, 0.0, 0.0, 0.0], [0.0, 0.0, 0.0, 0.0, 0.0, 0.0, 0.0, 0.0, 0.0, 0.0, 0.0, 0.0, 0.0, 0.0, 0.0, 0.0, 0.0, 0.0, 0.0, 0.0, 0.0, 0.0, 0.0, 0.0, 0.0, 0.0, 0.0, 0.0]], [[0.0, 0.0, 0.0, 0.0, 0.0, 0.0, 0.0, 0.0, 0.0, 0.0, 0.0, 0.0, 0.0, 0.0, 0.0, 0.0, 0.0, 0.0, 0.0, 0.0, 0.0, 0.0, 0.0, 0.0, 0.0, 0.0, 0.0, 0.0], [0.0, 0.0, 0.0, 0.0, 0.0, 0.0, 0.0, 0.0, 0.0, 0.0, 0.0, 0.0, 0.0, 0.0, 0.0, 0.0, 0.0, 0.0, 0.0, 0.0, 0.0, 0.0, 0.0, 0.0, 0.0, 0.0, 0.0, 0.0], [0.0, 0.0, 0.0, 0.0, 0.0, 0.0, 0.0, 0.0, 0.0, 0.0, 0.0, 0.0, 0.0, 0.0, 0.0, 0.0, 0.0, 0.0, 0.0, 0.0, 0.0, 0.0, 0.0, 0.0, 0.0, 0.0, 0.0, 0.0], [0.0, 0.0, 0.0, 0.0, 0.0, 0.0, 0.0, 0.0, 0.0, 0.0, 0.0, 0.0, 0.0, 0.0, 0.0, 0.0, 0.0, 0.0, 0.0, 0.0, 0.0, 0.0, 0.0, 0.0, 0.0, 0.0, 0.0, 0.0]], [[0.0, 0.0, 0.0, 0.0, 0.0, 0.0, 0.0, 0.0, 0.0, 0.0, 0.0, 0.0, 0.0, 0.0, 0.0, 0.0, 0.0, 0.0, 0.0, 0.0, 0.0, 0.0, 0.0, 0.0, 0.0, 0.0, 0.0, 0.0], [0.0, 0.0, 0.0, 0.0, 0.0, 0.0, 0.0, 0.0, 0.0, 0.0, 0.0, 0.0, 0.0, 0.0, 0.0, 0.0, 0.0, 0.0, 0.0, 0.0, 0.0, 0.0, 0.0, 0.0, 0.0, 0.0, 0.0, 0.0], [0.0, 0.0, 0.0, 0.0, 0.0, 0.0, 0.0, 0.0, 0.0, 0.0, 0.0, 0.0, 0.0, 0.0, 0.0, 0.0, 0.0, 0.0, 0.0, 0.0, 0.0, 0.0, 0.0, 0.0, 0.0, 0.0, 0.0, 0.0], [0.0, 0.0, 0.0, 0.0, 0.0, 0.0, 0.0, 0.0, 0.0, 0.0, 0.0, 0.0, 0.0, 0.0, 0.0, 0.0, 0.0, 0.0, 0.0, 0.0, 0.0, 0.0, 0.0, 0.0, 0.0, 0.0, 0.0, 0.0]], [[0.0, 0.0, 0.0, 0.0, 0.0, 0.0, 0.0, 0.0, 0.0, 0.0, 0.0, 0.0, 0.0, 0.0, 0.0, 0.0, 0.0, 0.0, 0.0, 0.0, 0.0, 0.0, 0.0, 0.0, 0.0, 0.0, 0.0, 0.0], [0.0, 0.0, 0.0, 0.0, 0.0, 0.0, 0.0, 0.0, 0.0, 0.0, 0.0, 0.0, 0.0, 0.0, 0.0, 0.0, 0.0, 0.0, 0.0, 0.0, 0.0, 0.0, 0.0, 0.0, 0.0, 0.0, 0.0, 0.0], [0.0, 0.0, 0.0, 0.0, 0.0, 0.0, 0.0, 0.0, 0.0, 0.0, 0.0, 0.0, 0.0, 0.0, 0.0, 0.0, 0.0, 0.0, 0.0, 0.0, 0.0, 0.0, 0.0, 0.0, 0.0, 0.0, 0.0, 0.0], [0.0, 0.0, 0.0, 0.0, 0.0, 0.0, 0.0, 0.0, 0.0, 0.0, 0.0, 0.0, 0.0, 0.0, 0.0, 0.0, 0.0, 0.0, 0.0, 0.0, 0.0, 0.0, 0.0, 0.0, 0.0, 0.0, 0.0, 0.0]], [[0.0, 0.0, 0.0, 0.0, 0.0, 0.0, 0.0, 0.0, 0.0, 0.0, 0.0, 0.0, 0.0, 0.0, 0.0, 0.0, 0.0, 0.0, 0.0, 0.0, 0.0, 0.0, 0.0, 0.0, 0.0, 0.0, 0.0, 0.0], [0.0, 0.0, 0.0, 0.0, 0.0, 0.0, 0.0, 0.0, 0.0, 0.0, 0.0, 0.0, 0.0, 0.0, 0.0, 0.0, 0.0, 0.0, 0.0, 0.0, 0.0, 0.0, 0.0, 0.0, 0.0, 0.0, 0.0, 0.0], [0.0, 0.0, 0.0, 0.0, 0.0, 0.0, 0.0, 0.0, 0.0, 0.0, 0.0, 0.0, 0.0, 0.0, 0.0, 0.0, 0.0, 0.0, 0.0, 0.0, 0.0, 0.0, 0.0, 0.0, 0.0, 0.0, 0.0, 0.0], [0.0, 0.0, 0.0, 0.0, 0.0, 0.0, 0.0, 0.0, 0.0, 0.0, 0.0, 0.0, 0.0, 0.0, 0.0, 0.0, 0.0, 0.0, 0.0, 0.0, 0.0, 0.0, 0.0, 0.0, 0.0, 0.0, 0.0, 0.0]], [[0.0, 0.0, 0.0, 0.0, 0.0, 0.0, 0.0, 0.0, 0.0, 0.0, 0.0, 0.0, 0.0, 0.0, 0.0, 0.0, 0.0, 0.0, 0.0, 0.0, 0.0, 0.0, 0.0, 0.0, 0.0, 0.0, 0.0, 0.0], [0.0, 0.0, 0.0, 0.0, 0.0, 0.0, 0.0, 0.0, 0.0, 0.0, 0.0, 0.0, 0.0, 0.0, 0.0, 0.0, 0.0, 0.0, 0.0, 0.0, 0.0, 0.0, 0.0, 0.0, 0.0, 0.0, 0.0, 0.0], [0.0, 0.0, 0.0, 0.0, 0.0, 0.0, 0.0, 0.0, 0.0, 0.0, 0.0, 0.0, 0.0, 0.0, 0.0, 0.0, 0.0, 0.0, 0.0, 0.0, 0.0, 0.0, 0.0, 0.0, 0.0, 0.0, 0.0, 0.0], [0.0, 0.0, 0.0, 0.0, 0.0, 0.0, 0.0, 0.0, 0.0, 0.0, 0.0, 0.0, 0.0, 0.0, 0.0, 0.0, 0.0, 0.0, 0.0, 0.0, 0.0, 0.0, 0.0, 0.0, 0.0, 0.0, 0.0, 0.0]], [[0.0, 0.0, 0.0, 0.0, 0.0, 0.0, 0.0, 0.0, 0.0, 0.0, 0.0, 0.0, 0.0, 0.0, 0.0, 0.0, 0.0, 0.0, 0.0, 0.0, 0.0, 0.0, 0.0, 0.0, 0.0, 0.0, 0.0, 0.0], [0.0, 0.0, 0.0, 0.0, 0.0, 0.0, 0.0, 0.0, 0.0, 0.0, 0.0, 0.0, 0.0, 0.0, 0.0, 0.0, 0.0, 0.0, 0.0, 0.0, 0.0, 0.0, 0.0, 0.0, 0.0, 0.0, 0.0, 0.0], [0.0, 0.0, 0.0, 0.0, 0.0, 0.0, 0.0, 0.0, 0.0, 0.0, 0.0, 0.0, 0.0, 0.0, 0.0, 0.0, 0.0, 0.0, 0.0, 0.0, 0.0, 0.0, 0.0, 0.0, 0.0, 0.0, 0.0, 0.0], [0.0, 0.0, 0.0, 0.0, 0.0, 0.0, 0.0, 0.0, 0.0, 0.0, 0.0, 0.0, 0.0, 0.0, 0.0, 0.0, 0.0, 0.0, 0.0, 0.0, 0.0, 0.0, 0.0, 0.0, 0.0, 0.0, 0.0, 0.0]], [[0.0, 0.0, 0.0, 0.0, 0.0, 0.0, 0.0, 0.0, 0.0, 0.0, 0.0, 0.0, 0.0, 0.0, 0.0, 0.0, 0.0, 0.0, 0.0, 0.0, 0.0, 0.0, 0.0, 0.0, 0.0, 0.0, 0.0, 0.0], [0.0, 0.0, 0.0, 0.0, 0.0, 0.0, 0.0, 0.0, 0.0, 0.0, 0.0, 0.0, 0.0, 0.0, 0.0, 0.0, 0.0, 0.0, 0.0, 0.0, 0.0, 0.0, 0.0, 0.0, 0.0, 0.0, 0.0, 0.0], [0.0, 0.0, 0.0, 0.0, 0.0, 0.0, 0.0, 0.0, 0.0, 0.0, 0.0, 0.0, 0.0, 0.0, 0.0, 0.0, 0.0, 0.0, 0.0, 0.0, 0.0, 0.0, 0.0, 0.0, 0.0, 0.0, 0.0, 0.0], [0.0, 0.0, 0.0, 0.0, 0.0, 0.0, 0.0, 0.0, 0.0, 0.0, 0.0, 0.0, 0.0, 0.0, 0.0, 0.0, 0.0, 0.0, 0.0, 0.0, 0.0, 0.0, 0.0, 0.0, 0.0, 0.0, 0.0, 0.0]], [[0.0, 0.0, 0.0, 0.0, 0.0, 0.0, 0.0, 0.0, 0.0, 0.0, 0.0, 0.0, 0.0, 0.0, 0.0, 0.0, 0.0, 0.0, 0.0, 0.0, 0.0, 0.0, 0.0, 0.0, 0.0, 0.0, 0.0, 0.0], [0.0, 0.0, 0.0, 0.0, 0.0, 0.0, 0.0, 0.0, 0.0, 0.0, 0.0, 0.0, 0.0, 0.0, 0.0, 0.0, 0.0, 0.0, 0.0, 0.0, 0.0, 0.0, 0.0, 0.0, 0.0, 0.0, 0.0, 0.0], [0.0, 0.0, 0.0, 0.0, 0.0, 0.0, 0.0, 0.0, 0.0, 0.0, 0.0, 0.0, 0.0, 0.0, 0.0, 0.0, 0.0, 0.0, 0.0, 0.0, 0.0, 0.0, 0.0, 0.0, 0.0, 0.0, 0.0, 0.0], [0.0, 0.0, 0.0, 0.0, 0.0, 0.0, 0.0, 0.0, 0.0, 0.0, 0.0, 0.0, 0.0, 0.0, 0.0, 0.0, 0.0, 0.0, 0.0, 0.0, 0.0, 0.0, 0.0, 0.0, 0.0, 0.0, 0.0, 0.0]], [[0.0, 0.0, 0.0, 0.0, 0.0, 0.0, 0.0, 0.0, 0.0, 0.0, 0.0, 0.0, 0.0, 0.0, 0.0, 0.0, 0.0, 0.0, 0.0, 0.0, 0.0, 0.0, 0.0, 0.0, 0.0, 0.0, 0.0, 0.0], [0.0, 0.0, 0.0, 0.0, 0.0, 0.0, 0.0, 0.0, 0.0, 0.0, 0.0, 0.0, 0.0, 0.0, 0.0, 0.0, 0.0, 0.0, 0.0, 0.0, 0.0, 0.0, 0.0, 0.0, 0.0, 0.0, 0.0, 0.0], [0.0, 0.0, 0.0, 0.0, 0.0, 0.0, 0.0, 0.0, 0.0, 0.0, 0.0, 0.0, 0.0, 0.0, 0.0, 0.0, 0.0, 0.0, 0.0, 0.0, 0.0, 0.0, 0.0, 0.0, 0.0, 0.0, 0.0, 0.0], [0.0, 0.0, 0.0, 0.0, 0.0, 0.0, 0.0, 0.0, 0.0, 0.0, 0.0, 0.0, 0.0, 0.0, 0.0, 0.0, 0.0, 0.0, 0.0, 0.0, 0.0, 0.0, 0.0, 0.0, 0.0, 0.0, 0.0, 0.0]], [[0.0, 0.0, 0.0, 0.0, 0.0, 0.0, 0.0, 0.0, 0.0, 0.0, 0.0, 0.0, 0.0, 0.0, 0.0, 0.0, 0.0, 0.0, 0.0, 0.0, 0.0, 0.0, 0.0, 0.0, 0.0, 0.0, 0.0, 0.0], [0.0, 0.0, 0.0, 0.0, 0.0, 0.0, 0.0, 0.0, 0.0, 0.0, 0.0, 0.0, 0.0, 0.0, 0.0, 0.0, 0.0, 0.0, 0.0, 0.0, 0.0, 0.0, 0.0, 0.0, 0.0, 0.0, 0.0, 0.0], [0.0, 0.0, 0.0, 0.0, 0.0, 0.0, 0.0, 0.0, 0.0, 0.0, 0.0, 0.0, 0.0, 0.0, 0.0, 0.0, 0.0, 0.0, 0.0, 0.0, 0.0, 0.0, 0.0, 0.0, 0.0, 0.0, 0.0, 0.0], [0.0, 0.0, 0.0, 0.0, 0.0, 0.0, 0.0, 0.0, 0.0, 0.0, 0.0, 0.0, 0.0, 0.0, 0.0, 0.0, 0.0, 0.0, 0.0, 0.0, 0.0, 0.0, 0.0, 0.0, 0.0, 0.0, 0.0, 0.0]], [[0.0, 0.0, 0.0, 0.0, 0.0, 0.0, 0.0, 0.0, 0.0, 0.0, 0.0, 0.0, 0.0, 0.0, 0.0, 0.0, 0.0, 0.0, 0.0, 0.0, 0.0, 0.0, 0.0, 0.0, 0.0, 0.0, 0.0, 0.0], [0.0, 0.0, 0.0, 0.0, 0.0, 0.0, 0.0, 0.0, 0.0, 0.0, 0.0, 0.0, 0.0, 0.0, 0.0, 0.0, 0.0, 0.0, 0.0, 0.0, 0.0, 0.0, 0.0, 0.0, 0.0, 0.0, 0.0, 0.0], [0.0, 0.0, 0.0, 0.0, 0.0, 0.0, 0.0, 0.0, 0.0, 0.0, 0.0, 0.0, 0.0, 0.0, 0.0, 0.0, 0.0, 0.0, 0.0, 0.0, 0.0, 0.0, 0.0, 0.0, 0.0, 0.0, 0.0, 0.0], [0.0, 0.0, 0.0, 0.0, 0.0, 0.0, 0.0, 0.0, 0.0, 0.0, 0.0, 0.0, 0.0, 0.0, 0.0, 0.0, 0.0, 0.0, 0.0, 0.0, 0.0, 0.0, 0.0, 0.0, 0.0, 0.0, 0.0, 0.0]], [[0.0, 0.0, 0.0, 0.0, 0.0, 0.0, 0.0, 0.0, 0.0, 0.0, 0.0, 0.0, 0.0, 0.0, 0.0, 0.0, 0.0, 0.0, 0.0, 0.0, 0.0, 0.0, 0.0, 0.0, 0.0, 0.0, 0.0, 0.0], [0.0, 0.0, 0.0, 0.0, 0.0, 0.0, 0.0, 0.0, 0.0, 0.0, 0.0, 0.0, 0.0, 0.0, 0.0, 0.0, 0.0, 0.0, 0.0, 0.0, 0.0, 0.0, 0.0, 0.0, 0.0, 0.0, 0.0, 0.0], [0.0, 0.0, 0.0, 0.0, 0.0, 0.0, 0.0, 0.0, 0.0, 0.0, 0.0, 0.0, 0.0, 0.0, 0.0, 0.0, 0.0, 0.0, 0.0, 0.0, 0.0, 0.0, 0.0, 0.0, 0.0, 0.0, 0.0, 0.0], [0.0, 0.0, 0.0, 0.0, 0.0, 0.0, 0.0, 0.0, 0.0, 0.0, 0.0, 0.0, 0.0, 0.0, 0.0, 0.0, 0.0, 0.0, 0.0, 0.0, 0.0, 0.0, 0.0, 0.0, 0.0, 0.0, 0.0, 0.0]], [[0.0, 0.0, 0.0, 0.0, 0.0, 0.0, 0.0, 0.0, 0.0, 0.0, 0.0, 0.0, 0.0, 0.0, 0.0, 0.0, 0.0, 0.0, 0.0, 0.0, 0.0, 0.0, 0.0, 0.0, 0.0, 0.0, 0.0, 0.0], [0.0, 0.0, 0.0, 0.0, 0.0, 0.0, 0.0, 0.0, 0.0, 0.0, 0.0, 0.0, 0.0, 0.0, 0.0, 0.0, 0.0, 0.0, 0.0, 0.0, 0.0, 0.0, 0.0, 0.0, 0.0, 0.0, 0.0, 0.0], [0.0, 0.0, 0.0, 0.0, 0.0, 0.0, 0.0, 0.0, 0.0, 0.0, 0.0, 0.0, 0.0, 0.0, 0.0, 0.0, 0.0, 0.0, 0.0, 0.0, 0.0, 0.0, 0.0, 0.0, 0.0, 0.0, 0.0, 0.0], [0.0, 0.0, 0.0, 0.0, 0.0, 0.0, 0.0, 0.0, 0.0, 0.0, 0.0, 0.0, 0.0, 0.0, 0.0, 0.0, 0.0, 0.0, 0.0, 0.0, 0.0, 0.0, 0.0, 0.0, 0.0, 0.0, 0.0, 0.0]]];
t = [[99999999.0, 5.657728907469787, 10.541547686515537, 8.750289646731787, 6.390105821501418, 10.029773698336406, 8.411336841734494, 11.587290117685964, 10.913544835193822, 7.3701942381954035, 7.59905885219557, 7.136130577875805, 8.88014337490963, 6.959643519688395, 10.165160748994317, 13.211726798927797, 7.699774209773185, 5.011920620274886, 8.274040297271942, 14.765962335399768, 8.195913583509288, 12.924180723370373, 14.017411498538362, 5.712776783147388, 13.00154275877661, 9.108096286649264, 7.425272366709529, 5.190579845080697, 6.808596840736712, 13.54038183459863], [5.657728907469787, 99999999.0, 12.313264389646738, 11.448844086948894, 9.419689430854145, 10.262767929695233, 12.924725646776487, 10.421886126042383, 5.6145487456610095, 8.864534408400855, 7.554461745819715, 9.289080893086416, 10.67981631802651, 8.280112418617843, 14.648272214537561, 13.366472683463503, 6.554805689670397, 11.89155976802039, 6.022653927232087, 7.721765410573993, 13.55379295089519, 8.819229558326612, 5.376524524287486, 9.368839221331825, 11.32854422111611, 12.795755405510794, 6.411903481768428, 14.153215399844955, 9.600646404371364, 8.943645842937231], [10.541547686515537, 12.313264389646738, 99999999.0, 8.688987051383673, 10.564578565298453, 7.990990062291537, 6.099651984136837, 6.634724860743278, 11.0304016515697, 8.709038396795961, 13.95004189072344, 12.705443270436616, 14.859258336004725, 13.727279653997629, 11.404836620541452, 8.578647842626971, 9.543565327806546, 6.21257185857419, 14.891762485539758, 5.596397501206703, 9.901065649209261, 13.290987186088188, 5.76739068122892, 8.085552348541341, 12.276864852746149, 12.89104429413592, 12.461813195047874, 7.26638205584496, 12.801224313724067, 10.6702004403611], [8.750289646731787, 11.448844086948894, 8.688987051383673, 99999999.0, 8.186179251032364, 8.702602085382004, 6.035735303952486, 11.868287246441954, 10.870817806787443, 8.224727575147764, 5.540887042097403, 8.732812245271802, 8.076684069099702, 10.457423882594295, 11.007256329753178, 13.79042763380776, 11.567994189524473, 7.580360885013135, 10.044337328087838, 7.781344060366505, 5.317041519334261, 7.879040241425493, 5.758731736042103, 5.593573795963952, 11.75513981283841, 13.127908398250465, 14.723642675962136, 13.396707727972203, 7.176075982075179, 8.865445264512138], [6.390105821501418, 9.419689430854145, 10.564578565298453, 8.186179251032364, 99999999.0, 8.615584543820665, 7.38245081499893, 14.850373269340242, 13.899717355694733, 12.394073548087203, 11.995028750361627, 7.683389716649148, 7.709104342185765, 13.737057885188133, 11.550899244453136, 12.614297102198098, 6.091528449836485, 10.060090398239137, 14.595297021273637, 12.330272180608652, 7.263234054245656, 12.407037234665871, 12.503504223737483, 14.325039567369904, 11.136854670581771, 14.367944127124671, 5.989452867340713, 13.234653639028691, 11.155965539104875, 9.668658150970982], [10.029773698336406, 10.262767929695233, 7.990990062291537, 8.702602085382004, 8.615584543820665, 99999999.0, 11.339597681731128, 12.726679906176859, 12.992320052553435, 14.941908802385269, 14.55302802536473, 7.6654570578545735, 8.650970975615135, 10.328551996917064, 14.377665224187437, 11.497236715747933, 9.543559817340466, 14.523854064653127, 14.811735152250185, 6.046114232750889, 12.318736723510574, 9.285396378583966, 13.72892536162715, 5.300108381704025, 9.015273669079546, 9.588854215904732, 11.60823081506705, 11.861199443819249, 9.998453663965893, 7.313359970128404], [8.411336841734494, 12.924725646776487, 6.099651984136837, 6.035735303952486, 7.38245081499893, 11.339597681731128, 99999999.0, 5.880358302474253, 9.411423088155075, 13.117393963268269, 14.172250478627536, 13.947881266066522, 8.935786911509888, 14.58689031352966, 5.483724152334645, 10.163589242754572, 12.813741117815168, 11.205467175360342, 13.200630763441326, 11.599544391577725, 7.942875297894755, 14.537258534650546, 14.669758758338167, 8.704792977363248, 8.74376016192203, 8.847528147456682, 7.440047933101463, 5.810984814890108, 9.288967152632683, 10.505500909128315], [11.587290117685964, 10.421886126042383, 6.634724860743278, 11.868287246441954, 14.850373269340242, 12.726679906176859, 5.880358302474253, 99999999.0, 10.51560715824915, 11.161198971832267, 9.405741891523979, 9.3058004512748, 6.679299760095303, 14.724308306147465, 14.109607328118837, 7.838471511866215, 11.541649126390292, 14.725700914332558, 8.728013570655854, 11.223697063559923, 12.810555985856078, 9.015045333480733, 12.222841752728312, 8.489547207557031, 9.089107142823652, 10.015516513422405, 9.532192934964776, 7.038480411906514, 7.493865718767701, 12.431032344499904], [10.913544835193822, 5.6145487456610095, 11.0304016515697, 10.870817806787443, 13.899717355694733, 12.992320052553435, 9.411423088155075, 10.51560715824915, 99999999.0, 7.736686317693301, 8.638451547907493, 14.323826810921034, 13.101043954340295, 6.051309371762118, 7.254482259078334, 9.914420182463957, 11.395471936911633, 14.204877722776232, 13.116784090339056, 10.678034282556286, 10.975059748744648, 9.241869772044929, 10.57675324274959, 8.116939712661674, 10.856115440092564, 7.76828683342201, 9.10776119149483, 7.816282147026512, 11.158281974290997, 14.528198478522178], [7.3701942381954035, 8.864534408400855, 8.709038396795961, 8.224727575147764, 12.394073548087203, 14.941908802385269, 13.117393963268269, 11.161198971832267, 7.736686317693301, 99999999.0, 6.165488256845197, 12.65626414881849, 8.862985960185615, 13.415384154669738, 7.978093914249441, 6.335149523702909, 7.405181233795276, 6.902089901604553, 12.790680139775736, 12.638906453009138, 11.25263656400256, 9.908238155961417, 6.075329870860403, 14.486342465060808, 14.074402322967433, 11.181557077384946, 12.221933086315666, 6.104973457085152, 12.023601405704664, 14.249833243230007], [7.59905885219557, 7.554461745819715, 13.95004189072344, 5.540887042097403, 11.995028750361627, 14.55302802536473, 14.172250478627536, 9.405741891523979, 8.638451547907493, 6.165488256845197, 99999999.0, 9.81944696867569, 12.438822328072527, 13.515765215430413, 5.653787964765414, 8.974476118111667, 6.41616763879245, 7.348712335890585, 14.246950175664493, 14.901791786379933, 14.054690397701407, 6.052897388249256, 8.796421797730062, 6.05001250507934, 12.991631111233826, 7.183576028870712, 8.055837562340571, 8.114506659657764, 13.067257038529792, 6.893829267623397], [7.136130577875805, 9.289080893086416, 12.705443270436616, 8.732812245271802, 7.683389716649148, 7.6654570578545735, 13.947881266066522, 9.3058004512748, 14.323826810921034, 12.65626414881849, 9.81944696867569, 99999999.0, 10.223738610246134, 8.141994641812467, 5.641454799136895, 7.2642751873289555, 14.238455120434338, 6.452932536750243, 12.160642293482935, 13.563263465195234, 14.744298480273466, 5.371459575939783, 11.740529990008813, 13.061470395181852, 9.956155110617628, 10.262548987426124, 6.315582712628014, 9.503386562229988, 7.729344068443831, 6.617865860150066], [8.88014337490963, 10.67981631802651, 14.859258336004725, 8.076684069099702, 7.709104342185765, 8.650970975615135, 8.935786911509888, 6.679299760095303, 13.101043954340295, 8.862985960185615, 12.438822328072527, 10.223738610246134, 99999999.0, 10.07182002925281, 14.256386343755409, 11.466973039879406, 5.737275582660829, 11.630020354419049, 13.519390426121848, 8.848398005895444, 8.890940597817844, 12.846108325151262, 6.899527613364025, 5.958935110732045, 6.912609329480394, 10.984912784673213, 5.185552558094849, 9.266707255745331, 6.802247216688439, 12.124038330577863], [6.959643519688395, 8.280112418617843, 13.727279653997629, 10.457423882594295, 13.737057885188133, 10.328551996917064, 14.58689031352966, 14.724308306147465, 6.051309371762118, 13.415384154669738, 13.515765215430413, 8.141994641812467, 10.07182002925281, 99999999.0, 14.32861062765091, 13.953156586783207, 9.55710716516959, 6.175557232489739, 12.721991140275934, 12.435870881108492, 14.137124117712393, 11.951653261006784, 12.741084408049682, 6.13236334468357, 11.817084416796119, 10.874334940314524, 8.092907527459303, 10.857533169626995, 6.342202628941155, 9.257748946794727], [10.165160748994317, 14.648272214537561, 11.404836620541452, 11.007256329753178, 11.550899244453136, 14.377665224187437, 5.483724152334645, 14.109607328118837, 7.254482259078334, 7.978093914249441, 5.653787964765414, 5.641454799136895, 14.256386343755409, 14.32861062765091, 99999999.0, 8.337020189443688, 12.834657102521806, 13.771012641584356, 9.017825192773918, 13.492272144002, 8.0808825343488, 11.642588409323041, 14.149922218771811, 9.508277801829582, 6.995811756215863, 8.703173590107912, 6.698567185725333, 12.289988109727664, 14.868993411080243, 5.919121244987599], [13.211726798927797, 13.366472683463503, 8.578647842626971, 13.79042763380776, 12.614297102198098, 11.497236715747933, 10.163589242754572, 7.838471511866215, 9.914420182463957, 6.335149523702909, 8.974476118111667, 7.2642751873289555, 11.466973039879406, 13.953156586783207, 8.337020189443688, 99999999.0, 11.22571703126021, 12.229787648016856, 8.872146880505355, 9.862434087936663, 9.957795463562984, 8.563622988503038, 12.035742597271994, 7.883025753157194, 5.988329782182811, 9.452825857887596, 6.763912810057459, 14.182864119973699, 14.00348919519082, 9.12104011589399], [7.699774209773185, 6.554805689670397, 9.543565327806546, 11.567994189524473, 6.091528449836485, 9.543559817340466, 12.813741117815168, 11.541649126390292, 11.395471936911633, 7.405181233795276, 6.41616763879245, 14.238455120434338, 5.737275582660829, 9.55710716516959, 12.834657102521806, 11.22571703126021, 99999999.0, 10.940016685338737, 12.988177453319059, 5.2038522480450755, 10.387404763274908, 7.015448894974719, 11.103598503093151, 8.459719041180982, 7.976515463108614, 5.787447539745268, 12.268919930173363, 10.531745501050265, 14.113387775590597, 9.494140683016898], [5.011920620274886, 11.89155976802039, 6.21257185857419, 7.580360885013135, 10.060090398239137, 14.523854064653127, 11.205467175360342, 14.725700914332558, 14.204877722776232, 6.902089901604553, 7.348712335890585, 6.452932536750243, 11.630020354419049, 6.175557232489739, 13.771012641584356, 12.229787648016856, 10.940016685338737, 99999999.0, 7.739487319164775, 6.454364340436985, 14.97221000577212, 10.322230818262273, 11.950811677924028, 7.7130803512091175, 5.02847943923713, 5.1864010726545215, 14.772613185048595, 11.513808822701538, 9.420148413229112, 5.463452095742259], [8.274040297271942, 6.022653927232087, 14.891762485539758, 10.044337328087838, 14.595297021273637, 14.811735152250185, 13.200630763441326, 8.728013570655854, 13.116784090339056, 12.790680139775736, 14.246950175664493, 12.160642293482935, 13.519390426121848, 12.721991140275934, 9.017825192773918, 8.872146880505355, 12.988177453319059, 7.739487319164775, 99999999.0, 12.162517168578802, 11.916859092705948, 5.288764719240991, 12.320730503499455, 12.972388771455883, 6.262039283421741, 9.283097508839528, 7.169144982273571, 11.744827983126662, 10.076583193819106, 8.033024543171107], [14.765962335399768, 7.721765410573993, 5.596397501206703, 7.781344060366505, 12.330272180608652, 6.046114232750889, 11.599544391577725, 11.223697063559923, 10.678034282556286, 12.638906453009138, 14.901791786379933, 13.563263465195234, 8.848398005895444, 12.435870881108492, 13.492272144002, 9.862434087936663, 5.2038522480450755, 6.454364340436985, 12.162517168578802, 99999999.0, 7.36512121671625, 9.360772353802963, 11.147789628085233, 8.893237169867405, 12.747451282252317, 6.000963293556892, 14.817510473113266, 14.09270982065308, 12.243398131905101, 12.749147862785017], [8.195913583509288, 13.55379295089519, 9.901065649209261, 5.317041519334261, 7.263234054245656, 12.318736723510574, 7.942875297894755, 12.810555985856078, 10.975059748744648, 11.25263656400256, 14.054690397701407, 14.744298480273466, 8.890940597817844, 14.137124117712393, 8.0808825343488, 9.957795463562984, 10.387404763274908, 14.97221000577212, 11.916859092705948, 7.36512121671625, 99999999.0, 11.361970939310966, 9.03473009615146, 10.446178122854679, 12.711142241567803, 14.35947377200818, 10.358317804812478, 6.855197178885762, 12.970626605961447, 11.544520329303074], [12.924180723370373, 8.819229558326612, 13.290987186088188, 7.879040241425493, 12.407037234665871, 9.285396378583966, 14.537258534650546, 9.015045333480733, 9.241869772044929, 9.908238155961417, 6.052897388249256, 5.371459575939783, 12.846108325151262, 11.951653261006784, 11.642588409323041, 8.563622988503038, 7.015448894974719, 10.322230818262273, 5.288764719240991, 9.360772353802963, 11.361970939310966, 99999999.0, 12.62859588097899, 13.649901884443825, 12.762473334292766, 14.877068785824923, 6.069057668271737, 12.667952614305179, 5.5389748869676705, 12.39307049762607], [14.017411498538362, 5.376524524287486, 5.76739068122892, 5.758731736042103, 12.503504223737483, 13.72892536162715, 14.669758758338167, 12.222841752728312, 10.57675324274959, 6.075329870860403, 8.796421797730062, 11.740529990008813, 6.899527613364025, 12.741084408049682, 14.149922218771811, 12.035742597271994, 11.103598503093151, 11.950811677924028, 12.320730503499455, 11.147789628085233, 9.03473009615146, 12.62859588097899, 99999999.0, 12.458622525232066, 14.35360161041794, 8.907388043879621, 13.383921439930964, 12.234289463067713, 5.136718290480134, 9.910374277565515], [5.712776783147388, 9.368839221331825, 8.085552348541341, 5.593573795963952, 14.325039567369904, 5.300108381704025, 8.704792977363248, 8.489547207557031, 8.116939712661674, 14.486342465060808, 6.05001250507934, 13.061470395181852, 5.958935110732045, 6.13236334468357, 9.508277801829582, 7.883025753157194, 8.459719041180982, 7.7130803512091175, 12.972388771455883, 8.893237169867405, 10.446178122854679, 13.649901884443825, 12.458622525232066, 99999999.0, 8.530142874790302, 12.581653032394371, 10.626107608062837, 7.816379331683847, 5.543260047554757, 10.841315307083768], [13.00154275877661, 11.32854422111611, 12.276864852746149, 11.75513981283841, 11.136854670581771, 9.015273669079546, 8.74376016192203, 9.089107142823652, 10.856115440092564, 14.074402322967433, 12.991631111233826, 9.956155110617628, 6.912609329480394, 11.817084416796119, 6.995811756215863, 5.988329782182811, 7.976515463108614, 5.02847943923713, 6.262039283421741, 12.747451282252317, 12.711142241567803, 12.762473334292766, 14.35360161041794, 8.530142874790302, 99999999.0, 13.25183721830178, 14.843535690202806, 10.27650318704942, 10.338459286482781, 6.231213616487738], [9.108096286649264, 12.795755405510794, 12.89104429413592, 13.127908398250465, 14.367944127124671, 9.588854215904732, 8.847528147456682, 10.015516513422405, 7.76828683342201, 11.181557077384946, 7.183576028870712, 10.262548987426124, 10.984912784673213, 10.874334940314524, 8.703173590107912, 9.452825857887596, 5.787447539745268, 5.1864010726545215, 9.283097508839528, 6.000963293556892, 14.35947377200818, 14.877068785824923, 8.907388043879621, 12.581653032394371, 13.25183721830178, 99999999.0, 5.648618950367594, 14.52812834308919, 5.619057857194308, 11.566685634779596], [7.425272366709529, 6.411903481768428, 12.461813195047874, 14.723642675962136, 5.989452867340713, 11.60823081506705, 7.440047933101463, 9.532192934964776, 9.10776119149483, 12.221933086315666, 8.055837562340571, 6.315582712628014, 5.185552558094849, 8.092907527459303, 6.698567185725333, 6.763912810057459, 12.268919930173363, 14.772613185048595, 7.169144982273571, 14.817510473113266, 10.358317804812478, 6.069057668271737, 13.383921439930964, 10.626107608062837, 14.843535690202806, 5.648618950367594, 99999999.0, 5.318682037387749, 12.179924889658515, 5.599082073305038], [5.190579845080697, 14.153215399844955, 7.26638205584496, 13.396707727972203, 13.234653639028691, 11.861199443819249, 5.810984814890108, 7.038480411906514, 7.816282147026512, 6.104973457085152, 8.114506659657764, 9.503386562229988, 9.266707255745331, 10.857533169626995, 12.289988109727664, 14.182864119973699, 10.531745501050265, 11.513808822701538, 11.744827983126662, 14.09270982065308, 6.855197178885762, 12.667952614305179, 12.234289463067713, 7.816379331683847, 10.27650318704942, 14.52812834308919, 5.318682037387749, 99999999.0, 14.452528332957598, 12.830587484269667], [6.808596840736712, 9.600646404371364, 12.801224313724067, 7.176075982075179, 11.155965539104875, 9.998453663965893, 9.288967152632683, 7.493865718767701, 11.158281974290997, 12.023601405704664, 13.067257038529792, 7.729344068443831, 6.802247216688439, 6.342202628941155, 14.868993411080243, 14.00348919519082, 14.113387775590597, 9.420148413229112, 10.076583193819106, 12.243398131905101, 12.970626605961447, 5.5389748869676705, 5.136718290480134, 5.543260047554757, 10.338459286482781, 5.619057857194308, 12.179924889658515, 14.452528332957598, 99999999.0, 11.152178862667855], [13.54038183459863, 8.943645842937231, 10.6702004403611, 8.865445264512138, 9.668658150970982, 7.313359970128404, 10.505500909128315, 12.431032344499904, 14.528198478522178, 14.249833243230007, 6.893829267623397, 6.617865860150066, 12.124038330577863, 9.257748946794727, 5.919121244987599, 9.12104011589399, 9.494140683016898, 5.463452095742259, 8.033024543171107, 12.749147862785017, 11.544520329303074, 12.39307049762607, 9.910374277565515, 10.841315307083768, 6.231213616487738, 11.566685634779596, 5.599082073305038, 12.830587484269667, 11.152178862667855, 99999999.0]];
