M = 99999999.0;
numWorkers = 25;
numRoles = 4;
numNodes = 30;
wStart = [0, 10.660536255932366, 355.70823133703215, 294.967646080381, 329.6108910159909, 80.74133547849054, 225.84773637187857, 188.90069473873845, 223.43463076340265, 258.03807249652584, 407.20200514002477, 217.33014155087417, 383.5202203491229, 327.90754488482673, 119.26560970671407, 412.8281720489449, 36.37024904834409, 11.525886840592786, 0.5249128275597574, 308.8775201387016, 268.97282603157026, 353.72640638999223, 21.457474520231326, 131.18909364692368, 343.6748669757096, 117.7706215187548, 36.318759419397516, 239.26106204372232, 114.6253467471822, 0];
wEnd = [0, 49.61365416010086, 387.4609376636817, 334.07164987525425, 364.5904250684629, 109.18116502348394, 254.70800834853853, 218.86880825583515, 251.27192187964854, 286.5299212985097, 434.32691020124497, 245.79855565886515, 411.19687118895143, 357.94702267030567, 155.7886562248385, 438.78516224675326, 70.38193754044438, 38.36833127814944, 26.207719998452042, 345.14016113948713, 306.62328258948077, 384.54455575100025, 48.23338273863345, 156.53900714854413, 375.24630426875774, 149.42900928837258, 67.14203171674825, 269.7027033428133, 147.8158659133386, 450];
p = [0, 10.378373599031185, 12.450256666930544, 14.35949646899308, 20.498864011793202, 13.312268991327619, 16.785478703256313, 9.438006279703314, 7.7577031330717885, 18.144944795459818, 8.989965834265176, 12.662254098358526, 16.09422095822766, 19.343187337516724, 19.64654721223545, 12.575218171891065, 11.953131314771033, 10.63649200369326, 10.766997008669433, 10.839862801701559, 11.761877248924948, 17.6812807345432, 7.982495485874745, 14.524164973839332, 8.429271833303144, 11.3364787386726, 17.17213369959882, 18.660452636061443, 14.946499160812548, 0];
e = [[1, 0, 0, 1], [1, 0, 1, 0], [0, 1, 1, 0], [0, 1, 0, 1], [1, 1, 0, 0], [0, 1, 0, 1], [0, 1, 1, 0], [1, 1, 0, 0], [0, 0, 1, 1], [1, 0, 1, 0], [0, 0, 1, 1], [1, 1, 0, 0], [1, 0, 1, 0], [1, 0, 0, 1], [1, 0, 1, 0], [0, 0, 1, 0], [0, 1, 0, 0], [0, 1, 0, 0], [0, 0, 0, 1], [0, 1, 0, 0], [0, 0, 0, 1], [1, 0, 0, 0], [0, 0, 1, 0], [0, 0, 0, 1], [0, 0, 0, 1]];
d = [[1, 2, 1, 0, 2, 2, 0, 0, 2, 1, 3, 1, 2, 1, 1, 3, 1, 1, 1, 0, 0, 3, 4, 1, 3, 0, 3, 2], [3, 1, 0, 3, 2, 2, 1, 3, 5, 2, 2, 3, 2, 2, 1, 1, 1, 2, 3, 5, 1, 0, 1, 0, 1, 1, 3, 1], [0, 1, 0, 1, 2, 0, 1, 2, 0, 2, 1, 1, 0, 2, 2, 2, 0, 2, 1, 0, 1, 1, 0, 1, 3, 1, 0, 2], [1, 1, 2, 1, 0, 4, 1, 1, 1, 0, 1, 0, 0, 0, 3, 1, 2, 1, 3, 3, 1, 4, 0, 3, 0, 1, 2, 2]];
r = [62.348627021268065, 71.34237207212725, 159.28574976188693, 92.12795511640661, 190.87352299693862, 192.11308186659062, 147.2705278377046, 186.5817239585245, 173.83120345159077, 58.9686321222358, 130.89325103532485, 189.59619711812533, 165.23180612867856, 151.78653987536276, 134.37418284962166, 91.99694866205607, 97.01238914021016, 118.4470608602338, 194.32993768459002, 70.6348678328095, 170.07519424357747, 70.11856883578122, 89.87298715093601, 117.44576647937554, 186.3593707972069, 153.12960800701757, 144.24937195992237, 177.4647036105485];
b = [[[0.0, 0.0, 0.0, 0.0, 0.0, 0.0, 0.0, 0.0, 0.0, 0.0, 0.0, 0.0, 0.0, 0.0, 0.0, 0.0, 0.0, 0.0, 0.0, 0.0, 0.0, 0.0, 0.0, 0.0, 0.0, 0.0, 0.0, 0.0], [0.0, 0.0, 0.0, 0.0, 0.0, 0.0, 0.0, 0.0, 0.0, 0.0, 0.0, 0.0, 0.0, 0.0, 0.0, 0.0, 0.0, 0.0, 0.0, 0.0, 0.0, 0.0, 0.0, 0.0, 0.0, 0.0, 0.0, 0.0], [0.0, 0.0, 0.0, 0.0, 0.0, 0.0, 0.0, 0.0, 0.0, 0.0, 0.0, 0.0, 0.0, 0.0, 0.0, 0.0, 0.0, 0.0, 0.0, 0.0, 0.0, 0.0, 0.0, 0.0, 0.0, 0.0, 0.0, 0.0], [0.0, 0.0, 0.0, 0.0, 0.0, 0.0, 0.0, 0.0, 0.0, 0.0, 0.0, 0.0, 0.0, 0.0, 0.0, 0.0, 0.0, 0.0, 0.0, 0.0, 0.0, 0.0, 0.0, 0.0, 0.0, 0.0, 0.0, 0.0]], [[0.0, 0.0, 0.0, 0.0, 0.0, 0.0, 0.0, 0.0, 0.0, 0.0, 0.0, 0.0, 0.0, 0.0, 0.0, 0.0, 0.0, 0.0, 0.0, 0.0, 0.0, 0.0, 0.0, 0.0, 0.0, 0.0, 0.0, 0.0], [0.0, 0.0, 0.0, 0.0, 0.0, 0.0, 0.0, 0.0, 0.0, 0.0, 0.0, 0.0, 0.0, 0.0, 0.0, 0.0, 0.0, 0.0, 0.0, 0.0, 0.0, 0.0, 0.0, 0.0, 0.0, 0.0, 0.0, 0.0], [0.0, 0.0, 0.0, 0.0, 0.0, 0.0, 0.0, 0.0, 0.0, 0.0, 0.0, 0.0, 0.0, 0.0, 0.0, 0.0, 0.0, 0.0, 0.0, 0.0, 0.0, 0.0, 0.0, 0.0, 0.0, 0.0, 0.0, 0.0], [0.0, 0.0, 0.0, 0.0, 0.0, 0.0, 0.0, 0.0, 0.0, 0.0, 0.0, 0.0, 0.0, 0.0, 0.0, 0.0, 0.0, 0.0, 0.0, 0.0, 0.0, 0.0, 0.0, 0.0, 0.0, 0.0, 0.0, 0.0]], [[0.0, 0.0, 0.0, 0.0, 0.0, 0.0, 0.0, 0.0, 0.0, 0.0, 0.0, 0.0, 0.0, 0.0, 0.0, 0.0, 0.0, 0.0, 0.0, 0.0, 0.0, 0.0, 0.0, 0.0, 0.0, 0.0, 0.0, 0.0], [0.0, 0.0, 0.0, 0.0, 0.0, 0.0, 0.0, 0.0, 0.0, 0.0, 0.0, 0.0, 0.0, 0.0, 0.0, 0.0, 0.0, 0.0, 0.0, 0.0, 0.0, 0.0, 0.0, 0.0, 0.0, 0.0, 0.0, 0.0], [0.0, 0.0, 0.0, 0.0, 0.0, 0.0, 0.0, 0.0, 0.0, 0.0, 0.0, 0.0, 0.0, 0.0, 0.0, 0.0, 0.0, 0.0, 0.0, 0.0, 0.0, 0.0, 0.0, 0.0, 0.0, 0.0, 0.0, 0.0], [0.0, 0.0, 0.0, 0.0, 0.0, 0.0, 0.0, 0.0, 0.0, 0.0, 0.0, 0.0, 0.0, 0.0, 0.0, 0.0, 0.0, 0.0, 0.0, 0.0, 0.0, 0.0, 0.0, 0.0, 0.0, 0.0, 0.0, 0.0]], [[0.0, 0.0, 0.0, 0.0, 0.0, 0.0, 0.0, 0.0, 0.0, 0.0, 0.0, 0.0, 0.0, 0.0, 0.0, 0.0, 0.0, 0.0, 0.0, 0.0, 0.0, 0.0, 0.0, 0.0, 0.0, 0.0, 0.0, 0.0], [0.0, 0.0, 0.0, 0.0, 0.0, 0.0, 0.0, 0.0, 0.0, 0.0, 0.0, 0.0, 0.0, 0.0, 0.0, 0.0, 0.0, 0.0, 0.0, 0.0, 0.0, 0.0, 0.0, 0.0, 0.0, 0.0, 0.0, 0.0], [0.0, 0.0, 0.0, 0.0, 0.0, 0.0, 0.0, 0.0, 0.0, 0.0, 0.0, 0.0, 0.0, 0.0, 0.0, 0.0, 0.0, 0.0, 0.0, 0.0, 0.0, 0.0, 0.0, 0.0, 0.0, 0.0, 0.0, 0.0], [0.0, 0.0, 0.0, 0.0, 0.0, 0.0, 0.0, 0.0, 0.0, 0.0, 0.0, 0.0, 0.0, 0.0, 0.0, 0.0, 0.0, 0.0, 0.0, 0.0, 0.0, 0.0, 0.0, 0.0, 0.0, 0.0, 0.0, 0.0]], [[0.0, 0.0, 0.0, 0.0, 0.0, 0.0, 0.0, 0.0, 0.0, 0.0, 0.0, 0.0, 0.0, 0.0, 0.0, 0.0, 0.0, 0.0, 0.0, 0.0, 0.0, 0.0, 0.0, 0.0, 0.0, 0.0, 0.0, 0.0], [0.0, 0.0, 0.0, 0.0, 0.0, 0.0, 0.0, 0.0, 0.0, 0.0, 0.0, 0.0, 0.0, 0.0, 0.0, 0.0, 0.0, 0.0, 0.0, 0.0, 0.0, 0.0, 0.0, 0.0, 0.0, 0.0, 0.0, 0.0], [0.0, 0.0, 0.0, 0.0, 0.0, 0.0, 0.0, 0.0, 0.0, 0.0, 0.0, 0.0, 0.0, 0.0, 0.0, 0.0, 0.0, 0.0, 0.0, 0.0, 0.0, 0.0, 0.0, 0.0, 0.0, 0.0, 0.0, 0.0], [0.0, 0.0, 0.0, 0.0, 0.0, 0.0, 0.0, 0.0, 0.0, 0.0, 0.0, 0.0, 0.0, 0.0, 0.0, 0.0, 0.0, 0.0, 0.0, 0.0, 0.0, 0.0, 0.0, 0.0, 0.0, 0.0, 0.0, 0.0]], [[0.0, 0.0, 0.0, 0.0, 0.0, 0.0, 0.0, 0.0, 0.0, 0.0, 0.0, 0.0, 0.0, 0.0, 0.0, 0.0, 0.0, 0.0, 0.0, 0.0, 0.0, 0.0, 0.0, 0.0, 0.0, 0.0, 0.0, 0.0], [0.0, 0.0, 0.0, 0.0, 0.0, 0.0, 0.0, 0.0, 0.0, 0.0, 0.0, 0.0, 0.0, 0.0, 0.0, 0.0, 0.0, 0.0, 0.0, 0.0, 0.0, 0.0, 0.0, 0.0, 0.0, 0.0, 0.0, 0.0], [0.0, 0.0, 0.0, 0.0, 0.0, 0.0, 0.0, 0.0, 0.0, 0.0, 0.0, 0.0, 0.0, 0.0, 0.0, 0.0, 0.0, 0.0, 0.0, 0.0, 0.0, 0.0, 0.0, 0.0, 0.0, 0.0, 0.0, 0.0], [0.0, 0.0, 0.0, 0.0, 0.0, 0.0, 0.0, 0.0, 0.0, 0.0, 0.0, 0.0, 0.0, 0.0, 0.0, 0.0, 0.0, 0.0, 0.0, 0.0, 0.0, 0.0, 0.0, 0.0, 0.0, 0.0, 0.0, 0.0]], [[0.0, 0.0, 0.0, 0.0, 0.0, 0.0, 0.0, 0.0, 0.0, 0.0, 0.0, 0.0, 0.0, 0.0, 0.0, 0.0, 0.0, 0.0, 0.0, 0.0, 0.0, 0.0, 0.0, 0.0, 0.0, 0.0, 0.0, 0.0], [0.0, 0.0, 0.0, 0.0, 0.0, 0.0, 0.0, 0.0, 0.0, 0.0, 0.0, 0.0, 0.0, 0.0, 0.0, 0.0, 0.0, 0.0, 0.0, 0.0, 0.0, 0.0, 0.0, 0.0, 0.0, 0.0, 0.0, 0.0], [0.0, 0.0, 0.0, 0.0, 0.0, 0.0, 0.0, 0.0, 0.0, 0.0, 0.0, 0.0, 0.0, 0.0, 0.0, 0.0, 0.0, 0.0, 0.0, 0.0, 0.0, 0.0, 0.0, 0.0, 0.0, 0.0, 0.0, 0.0], [0.0, 0.0, 0.0, 0.0, 0.0, 0.0, 0.0, 0.0, 0.0, 0.0, 0.0, 0.0, 0.0, 0.0, 0.0, 0.0, 0.0, 0.0, 0.0, 0.0, 0.0, 0.0, 0.0, 0.0, 0.0, 0.0, 0.0, 0.0]], [[0.0, 0.0, 0.0, 0.0, 0.0, 0.0, 0.0, 0.0, 0.0, 0.0, 0.0, 0.0, 0.0, 0.0, 0.0, 0.0, 0.0, 0.0, 0.0, 0.0, 0.0, 0.0, 0.0, 0.0, 0.0, 0.0, 0.0, 0.0], [0.0, 0.0, 0.0, 0.0, 0.0, 0.0, 0.0, 0.0, 0.0, 0.0, 0.0, 0.0, 0.0, 0.0, 0.0, 0.0, 0.0, 0.0, 0.0, 0.0, 0.0, 0.0, 0.0, 0.0, 0.0, 0.0, 0.0, 0.0], [0.0, 0.0, 0.0, 0.0, 0.0, 0.0, 0.0, 0.0, 0.0, 0.0, 0.0, 0.0, 0.0, 0.0, 0.0, 0.0, 0.0, 0.0, 0.0, 0.0, 0.0, 0.0, 0.0, 0.0, 0.0, 0.0, 0.0, 0.0], [0.0, 0.0, 0.0, 0.0, 0.0, 0.0, 0.0, 0.0, 0.0, 0.0, 0.0, 0.0, 0.0, 0.0, 0.0, 0.0, 0.0, 0.0, 0.0, 0.0, 0.0, 0.0, 0.0, 0.0, 0.0, 0.0, 0.0, 0.0]], [[0.0, 0.0, 0.0, 0.0, 0.0, 0.0, 0.0, 0.0, 0.0, 0.0, 0.0, 0.0, 0.0, 0.0, 0.0, 0.0, 0.0, 0.0, 0.0, 0.0, 0.0, 0.0, 0.0, 0.0, 0.0, 0.0, 0.0, 0.0], [0.0, 0.0, 0.0, 0.0, 0.0, 0.0, 0.0, 0.0, 0.0, 0.0, 0.0, 0.0, 0.0, 0.0, 0.0, 0.0, 0.0, 0.0, 0.0, 0.0, 0.0, 0.0, 0.0, 0.0, 0.0, 0.0, 0.0, 0.0], [0.0, 0.0, 0.0, 0.0, 0.0, 0.0, 0.0, 0.0, 0.0, 0.0, 0.0, 0.0, 0.0, 0.0, 0.0, 0.0, 0.0, 0.0, 0.0, 0.0, 0.0, 0.0, 0.0, 0.0, 0.0, 0.0, 0.0, 0.0], [0.0, 0.0, 0.0, 0.0, 0.0, 0.0, 0.0, 0.0, 0.0, 0.0, 0.0, 0.0, 0.0, 0.0, 0.0, 0.0, 0.0, 0.0, 0.0, 0.0, 0.0, 0.0, 0.0, 0.0, 0.0, 0.0, 0.0, 0.0]], [[0.0, 0.0, 0.0, 0.0, 0.0, 0.0, 0.0, 0.0, 0.0, 0.0, 0.0, 0.0, 0.0, 0.0, 0.0, 0.0, 0.0, 0.0, 0.0, 0.0, 0.0, 0.0, 0.0, 0.0, 0.0, 0.0, 0.0, 0.0], [0.0, 0.0, 0.0, 0.0, 0.0, 0.0, 0.0, 0.0, 0.0, 0.0, 0.0, 0.0, 0.0, 0.0, 0.0, 0.0, 0.0, 0.0, 0.0, 0.0, 0.0, 0.0, 0.0, 0.0, 0.0, 0.0, 0.0, 0.0], [0.0, 0.0, 0.0, 0.0, 0.0, 0.0, 0.0, 0.0, 0.0, 0.0, 0.0, 0.0, 0.0, 0.0, 0.0, 0.0, 0.0, 0.0, 0.0, 0.0, 0.0, 0.0, 0.0, 0.0, 0.0, 0.0, 0.0, 0.0], [0.0, 0.0, 0.0, 0.0, 0.0, 0.0, 0.0, 0.0, 0.0, 0.0, 0.0, 0.0, 0.0, 0.0, 0.0, 0.0, 0.0, 0.0, 0.0, 0.0, 0.0, 0.0, 0.0, 0.0, 0.0, 0.0, 0.0, 0.0]], [[0.0, 0.0, 0.0, 0.0, 0.0, 0.0, 0.0, 0.0, 0.0, 0.0, 0.0, 0.0, 0.0, 0.0, 0.0, 0.0, 0.0, 0.0, 0.0, 0.0, 0.0, 0.0, 0.0, 0.0, 0.0, 0.0, 0.0, 0.0], [0.0, 0.0, 0.0, 0.0, 0.0, 0.0, 0.0, 0.0, 0.0, 0.0, 0.0, 0.0, 0.0, 0.0, 0.0, 0.0, 0.0, 0.0, 0.0, 0.0, 0.0, 0.0, 0.0, 0.0, 0.0, 0.0, 0.0, 0.0], [0.0, 0.0, 0.0, 0.0, 0.0, 0.0, 0.0, 0.0, 0.0, 0.0, 0.0, 0.0, 0.0, 0.0, 0.0, 0.0, 0.0, 0.0, 0.0, 0.0, 0.0, 0.0, 0.0, 0.0, 0.0, 0.0, 0.0, 0.0], [0.0, 0.0, 0.0, 0.0, 0.0, 0.0, 0.0, 0.0, 0.0, 0.0, 0.0, 0.0, 0.0, 0.0, 0.0, 0.0, 0.0, 0.0, 0.0, 0.0, 0.0, 0.0, 0.0, 0.0, 0.0, 0.0, 0.0, 0.0]], [[0.0, 0.0, 0.0, 0.0, 0.0, 0.0, 0.0, 0.0, 0.0, 0.0, 0.0, 0.0, 0.0, 0.0, 0.0, 0.0, 0.0, 0.0, 0.0, 0.0, 0.0, 0.0, 0.0, 0.0, 0.0, 0.0, 0.0, 0.0], [0.0, 0.0, 0.0, 0.0, 0.0, 0.0, 0.0, 0.0, 0.0, 0.0, 0.0, 0.0, 0.0, 0.0, 0.0, 0.0, 0.0, 0.0, 0.0, 0.0, 0.0, 0.0, 0.0, 0.0, 0.0, 0.0, 0.0, 0.0], [0.0, 0.0, 0.0, 0.0, 0.0, 0.0, 0.0, 0.0, 0.0, 0.0, 0.0, 0.0, 0.0, 0.0, 0.0, 0.0, 0.0, 0.0, 0.0, 0.0, 0.0, 0.0, 0.0, 0.0, 0.0, 0.0, 0.0, 0.0], [0.0, 0.0, 0.0, 0.0, 0.0, 0.0, 0.0, 0.0, 0.0, 0.0, 0.0, 0.0, 0.0, 0.0, 0.0, 0.0, 0.0, 0.0, 0.0, 0.0, 0.0, 0.0, 0.0, 0.0, 0.0, 0.0, 0.0, 0.0]], [[0.0, 0.0, 0.0, 0.0, 0.0, 0.0, 0.0, 0.0, 0.0, 0.0, 0.0, 0.0, 0.0, 0.0, 0.0, 0.0, 0.0, 0.0, 0.0, 0.0, 0.0, 0.0, 0.0, 0.0, 0.0, 0.0, 0.0, 0.0], [0.0, 0.0, 0.0, 0.0, 0.0, 0.0, 0.0, 0.0, 0.0, 0.0, 0.0, 0.0, 0.0, 0.0, 0.0, 0.0, 0.0, 0.0, 0.0, 0.0, 0.0, 0.0, 0.0, 0.0, 0.0, 0.0, 0.0, 0.0], [0.0, 0.0, 0.0, 0.0, 0.0, 0.0, 0.0, 0.0, 0.0, 0.0, 0.0, 0.0, 0.0, 0.0, 0.0, 0.0, 0.0, 0.0, 0.0, 0.0, 0.0, 0.0, 0.0, 0.0, 0.0, 0.0, 0.0, 0.0], [0.0, 0.0, 0.0, 0.0, 0.0, 0.0, 0.0, 0.0, 0.0, 0.0, 0.0, 0.0, 0.0, 0.0, 0.0, 0.0, 0.0, 0.0, 0.0, 0.0, 0.0, 0.0, 0.0, 0.0, 0.0, 0.0, 0.0, 0.0]], [[0.0, 0.0, 0.0, 0.0, 0.0, 0.0, 0.0, 0.0, 0.0, 0.0, 0.0, 0.0, 0.0, 0.0, 0.0, 0.0, 0.0, 0.0, 0.0, 0.0, 0.0, 0.0, 0.0, 0.0, 0.0, 0.0, 0.0, 0.0], [0.0, 0.0, 0.0, 0.0, 0.0, 0.0, 0.0, 0.0, 0.0, 0.0, 0.0, 0.0, 0.0, 0.0, 0.0, 0.0, 0.0, 0.0, 0.0, 0.0, 0.0, 0.0, 0.0, 0.0, 0.0, 0.0, 0.0, 0.0], [0.0, 0.0, 0.0, 0.0, 0.0, 0.0, 0.0, 0.0, 0.0, 0.0, 0.0, 0.0, 0.0, 0.0, 0.0, 0.0, 0.0, 0.0, 0.0, 0.0, 0.0, 0.0, 0.0, 0.0, 0.0, 0.0, 0.0, 0.0], [0.0, 0.0, 0.0, 0.0, 0.0, 0.0, 0.0, 0.0, 0.0, 0.0, 0.0, 0.0, 0.0, 0.0, 0.0, 0.0, 0.0, 0.0, 0.0, 0.0, 0.0, 0.0, 0.0, 0.0, 0.0, 0.0, 0.0, 0.0]], [[0.0, 0.0, 0.0, 0.0, 0.0, 0.0, 0.0, 0.0, 0.0, 0.0, 0.0, 0.0, 0.0, 0.0, 0.0, 0.0, 0.0, 0.0, 0.0, 0.0, 0.0, 0.0, 0.0, 0.0, 0.0, 0.0, 0.0, 0.0], [0.0, 0.0, 0.0, 0.0, 0.0, 0.0, 0.0, 0.0, 0.0, 0.0, 0.0, 0.0, 0.0, 0.0, 0.0, 0.0, 0.0, 0.0, 0.0, 0.0, 0.0, 0.0, 0.0, 0.0, 0.0, 0.0, 0.0, 0.0], [0.0, 0.0, 0.0, 0.0, 0.0, 0.0, 0.0, 0.0, 0.0, 0.0, 0.0, 0.0, 0.0, 0.0, 0.0, 0.0, 0.0, 0.0, 0.0, 0.0, 0.0, 0.0, 0.0, 0.0, 0.0, 0.0, 0.0, 0.0], [0.0, 0.0, 0.0, 0.0, 0.0, 0.0, 0.0, 0.0, 0.0, 0.0, 0.0, 0.0, 0.0, 0.0, 0.0, 0.0, 0.0, 0.0, 0.0, 0.0, 0.0, 0.0, 0.0, 0.0, 0.0, 0.0, 0.0, 0.0]], [[0.0, 0.0, 0.0, 0.0, 0.0, 0.0, 0.0, 0.0, 0.0, 0.0, 0.0, 0.0, 0.0, 0.0, 0.0, 0.0, 0.0, 0.0, 0.0, 0.0, 0.0, 0.0, 0.0, 0.0, 0.0, 0.0, 0.0, 0.0], [0.0, 0.0, 0.0, 0.0, 0.0, 0.0, 0.0, 0.0, 0.0, 0.0, 0.0, 0.0, 0.0, 0.0, 0.0, 0.0, 0.0, 0.0, 0.0, 0.0, 0.0, 0.0, 0.0, 0.0, 0.0, 0.0, 0.0, 0.0], [0.0, 0.0, 0.0, 0.0, 0.0, 0.0, 0.0, 0.0, 0.0, 0.0, 0.0, 0.0, 0.0, 0.0, 0.0, 0.0, 0.0, 0.0, 0.0, 0.0, 0.0, 0.0, 0.0, 0.0, 0.0, 0.0, 0.0, 0.0], [0.0, 0.0, 0.0, 0.0, 0.0, 0.0, 0.0, 0.0, 0.0, 0.0, 0.0, 0.0, 0.0, 0.0, 0.0, 0.0, 0.0, 0.0, 0.0, 0.0, 0.0, 0.0, 0.0, 0.0, 0.0, 0.0, 0.0, 0.0]], [[0.0, 0.0, 0.0, 0.0, 0.0, 0.0, 0.0, 0.0, 0.0, 0.0, 0.0, 0.0, 0.0, 0.0, 0.0, 0.0, 0.0, 0.0, 0.0, 0.0, 0.0, 0.0, 0.0, 0.0, 0.0, 0.0, 0.0, 0.0], [0.0, 0.0, 0.0, 0.0, 0.0, 0.0, 0.0, 0.0, 0.0, 0.0, 0.0, 0.0, 0.0, 0.0, 0.0, 0.0, 0.0, 0.0, 0.0, 0.0, 0.0, 0.0, 0.0, 0.0, 0.0, 0.0, 0.0, 0.0], [0.0, 0.0, 0.0, 0.0, 0.0, 0.0, 0.0, 0.0, 0.0, 0.0, 0.0, 0.0, 0.0, 0.0, 0.0, 0.0, 0.0, 0.0, 0.0, 0.0, 0.0, 0.0, 0.0, 0.0, 0.0, 0.0, 0.0, 0.0], [0.0, 0.0, 0.0, 0.0, 0.0, 0.0, 0.0, 0.0, 0.0, 0.0, 0.0, 0.0, 0.0, 0.0, 0.0, 0.0, 0.0, 0.0, 0.0, 0.0, 0.0, 0.0, 0.0, 0.0, 0.0, 0.0, 0.0, 0.0]], [[0.0, 0.0, 0.0, 0.0, 0.0, 0.0, 0.0, 0.0, 0.0, 0.0, 0.0, 0.0, 0.0, 0.0, 0.0, 0.0, 0.0, 0.0, 0.0, 0.0, 0.0, 0.0, 0.0, 0.0, 0.0, 0.0, 0.0, 0.0], [0.0, 0.0, 0.0, 0.0, 0.0, 0.0, 0.0, 0.0, 0.0, 0.0, 0.0, 0.0, 0.0, 0.0, 0.0, 0.0, 0.0, 0.0, 0.0, 0.0, 0.0, 0.0, 0.0, 0.0, 0.0, 0.0, 0.0, 0.0], [0.0, 0.0, 0.0, 0.0, 0.0, 0.0, 0.0, 0.0, 0.0, 0.0, 0.0, 0.0, 0.0, 0.0, 0.0, 0.0, 0.0, 0.0, 0.0, 0.0, 0.0, 0.0, 0.0, 0.0, 0.0, 0.0, 0.0, 0.0], [0.0, 0.0, 0.0, 0.0, 0.0, 0.0, 0.0, 0.0, 0.0, 0.0, 0.0, 0.0, 0.0, 0.0, 0.0, 0.0, 0.0, 0.0, 0.0, 0.0, 0.0, 0.0, 0.0, 0.0, 0.0, 0.0, 0.0, 0.0]], [[0.0, 0.0, 0.0, 0.0, 0.0, 0.0, 0.0, 0.0, 0.0, 0.0, 0.0, 0.0, 0.0, 0.0, 0.0, 0.0, 0.0, 0.0, 0.0, 0.0, 0.0, 0.0, 0.0, 0.0, 0.0, 0.0, 0.0, 0.0], [0.0, 0.0, 0.0, 0.0, 0.0, 0.0, 0.0, 0.0, 0.0, 0.0, 0.0, 0.0, 0.0, 0.0, 0.0, 0.0, 0.0, 0.0, 0.0, 0.0, 0.0, 0.0, 0.0, 0.0, 0.0, 0.0, 0.0, 0.0], [0.0, 0.0, 0.0, 0.0, 0.0, 0.0, 0.0, 0.0, 0.0, 0.0, 0.0, 0.0, 0.0, 0.0, 0.0, 0.0, 0.0, 0.0, 0.0, 0.0, 0.0, 0.0, 0.0, 0.0, 0.0, 0.0, 0.0, 0.0], [0.0, 0.0, 0.0, 0.0, 0.0, 0.0, 0.0, 0.0, 0.0, 0.0, 0.0, 0.0, 0.0, 0.0, 0.0, 0.0, 0.0, 0.0, 0.0, 0.0, 0.0, 0.0, 0.0, 0.0, 0.0, 0.0, 0.0, 0.0]], [[0.0, 0.0, 0.0, 0.0, 0.0, 0.0, 0.0, 0.0, 0.0, 0.0, 0.0, 0.0, 0.0, 0.0, 0.0, 0.0, 0.0, 0.0, 0.0, 0.0, 0.0, 0.0, 0.0, 0.0, 0.0, 0.0, 0.0, 0.0], [0.0, 0.0, 0.0, 0.0, 0.0, 0.0, 0.0, 0.0, 0.0, 0.0, 0.0, 0.0, 0.0, 0.0, 0.0, 0.0, 0.0, 0.0, 0.0, 0.0, 0.0, 0.0, 0.0, 0.0, 0.0, 0.0, 0.0, 0.0], [0.0, 0.0, 0.0, 0.0, 0.0, 0.0, 0.0, 0.0, 0.0, 0.0, 0.0, 0.0, 0.0, 0.0, 0.0, 0.0, 0.0, 0.0, 0.0, 0.0, 0.0, 0.0, 0.0, 0.0, 0.0, 0.0, 0.0, 0.0], [0.0, 0.0, 0.0, 0.0, 0.0, 0.0, 0.0, 0.0, 0.0, 0.0, 0.0, 0.0, 0.0, 0.0, 0.0, 0.0, 0.0, 0.0, 0.0, 0.0, 0.0, 0.0, 0.0, 0.0, 0.0, 0.0, 0.0, 0.0]], [[0.0, 0.0, 0.0, 0.0, 0.0, 0.0, 0.0, 0.0, 0.0, 0.0, 0.0, 0.0, 0.0, 0.0, 0.0, 0.0, 0.0, 0.0, 0.0, 0.0, 0.0, 0.0, 0.0, 0.0, 0.0, 0.0, 0.0, 0.0], [0.0, 0.0, 0.0, 0.0, 0.0, 0.0, 0.0, 0.0, 0.0, 0.0, 0.0, 0.0, 0.0, 0.0, 0.0, 0.0, 0.0, 0.0, 0.0, 0.0, 0.0, 0.0, 0.0, 0.0, 0.0, 0.0, 0.0, 0.0], [0.0, 0.0, 0.0, 0.0, 0.0, 0.0, 0.0, 0.0, 0.0, 0.0, 0.0, 0.0, 0.0, 0.0, 0.0, 0.0, 0.0, 0.0, 0.0, 0.0, 0.0, 0.0, 0.0, 0.0, 0.0, 0.0, 0.0, 0.0], [0.0, 0.0, 0.0, 0.0, 0.0, 0.0, 0.0, 0.0, 0.0, 0.0, 0.0, 0.0, 0.0, 0.0, 0.0, 0.0, 0.0, 0.0, 0.0, 0.0, 0.0, 0.0, 0.0, 0.0, 0.0, 0.0, 0.0, 0.0]], [[0.0, 0.0, 0.0, 0.0, 0.0, 0.0, 0.0, 0.0, 0.0, 0.0, 0.0, 0.0, 0.0, 0.0, 0.0, 0.0, 0.0, 0.0, 0.0, 0.0, 0.0, 0.0, 0.0, 0.0, 0.0, 0.0, 0.0, 0.0], [0.0, 0.0, 0.0, 0.0, 0.0, 0.0, 0.0, 0.0, 0.0, 0.0, 0.0, 0.0, 0.0, 0.0, 0.0, 0.0, 0.0, 0.0, 0.0, 0.0, 0.0, 0.0, 0.0, 0.0, 0.0, 0.0, 0.0, 0.0], [0.0, 0.0, 0.0, 0.0, 0.0, 0.0, 0.0, 0.0, 0.0, 0.0, 0.0, 0.0, 0.0, 0.0, 0.0, 0.0, 0.0, 0.0, 0.0, 0.0, 0.0, 0.0, 0.0, 0.0, 0.0, 0.0, 0.0, 0.0], [0.0, 0.0, 0.0, 0.0, 0.0, 0.0, 0.0, 0.0, 0.0, 0.0, 0.0, 0.0, 0.0, 0.0, 0.0, 0.0, 0.0, 0.0, 0.0, 0.0, 0.0, 0.0, 0.0, 0.0, 0.0, 0.0, 0.0, 0.0]], [[0.0, 0.0, 0.0, 0.0, 0.0, 0.0, 0.0, 0.0, 0.0, 0.0, 0.0, 0.0, 0.0, 0.0, 0.0, 0.0, 0.0, 0.0, 0.0, 0.0, 0.0, 0.0, 0.0, 0.0, 0.0, 0.0, 0.0, 0.0], [0.0, 0.0, 0.0, 0.0, 0.0, 0.0, 0.0, 0.0, 0.0, 0.0, 0.0, 0.0, 0.0, 0.0, 0.0, 0.0, 0.0, 0.0, 0.0, 0.0, 0.0, 0.0, 0.0, 0.0, 0.0, 0.0, 0.0, 0.0], [0.0, 0.0, 0.0, 0.0, 0.0, 0.0, 0.0, 0.0, 0.0, 0.0, 0.0, 0.0, 0.0, 0.0, 0.0, 0.0, 0.0, 0.0, 0.0, 0.0, 0.0, 0.0, 0.0, 0.0, 0.0, 0.0, 0.0, 0.0], [0.0, 0.0, 0.0, 0.0, 0.0, 0.0, 0.0, 0.0, 0.0, 0.0, 0.0, 0.0, 0.0, 0.0, 0.0, 0.0, 0.0, 0.0, 0.0, 0.0, 0.0, 0.0, 0.0, 0.0, 0.0, 0.0, 0.0, 0.0]], [[0.0, 0.0, 0.0, 0.0, 0.0, 0.0, 0.0, 0.0, 0.0, 0.0, 0.0, 0.0, 0.0, 0.0, 0.0, 0.0, 0.0, 0.0, 0.0, 0.0, 0.0, 0.0, 0.0, 0.0, 0.0, 0.0, 0.0, 0.0], [0.0, 0.0, 0.0, 0.0, 0.0, 0.0, 0.0, 0.0, 0.0, 0.0, 0.0, 0.0, 0.0, 0.0, 0.0, 0.0, 0.0, 0.0, 0.0, 0.0, 0.0, 0.0, 0.0, 0.0, 0.0, 0.0, 0.0, 0.0], [0.0, 0.0, 0.0, 0.0, 0.0, 0.0, 0.0, 0.0, 0.0, 0.0, 0.0, 0.0, 0.0, 0.0, 0.0, 0.0, 0.0, 0.0, 0.0, 0.0, 0.0, 0.0, 0.0, 0.0, 0.0, 0.0, 0.0, 0.0], [0.0, 0.0, 0.0, 0.0, 0.0, 0.0, 0.0, 0.0, 0.0, 0.0, 0.0, 0.0, 0.0, 0.0, 0.0, 0.0, 0.0, 0.0, 0.0, 0.0, 0.0, 0.0, 0.0, 0.0, 0.0, 0.0, 0.0, 0.0]], [[0.0, 0.0, 0.0, 0.0, 0.0, 0.0, 0.0, 0.0, 0.0, 0.0, 0.0, 0.0, 0.0, 0.0, 0.0, 0.0, 0.0, 0.0, 0.0, 0.0, 0.0, 0.0, 0.0, 0.0, 0.0, 0.0, 0.0, 0.0], [0.0, 0.0, 0.0, 0.0, 0.0, 0.0, 0.0, 0.0, 0.0, 0.0, 0.0, 0.0, 0.0, 0.0, 0.0, 0.0, 0.0, 0.0, 0.0, 0.0, 0.0, 0.0, 0.0, 0.0, 0.0, 0.0, 0.0, 0.0], [0.0, 0.0, 0.0, 0.0, 0.0, 0.0, 0.0, 0.0, 0.0, 0.0, 0.0, 0.0, 0.0, 0.0, 0.0, 0.0, 0.0, 0.0, 0.0, 0.0, 0.0, 0.0, 0.0, 0.0, 0.0, 0.0, 0.0, 0.0], [0.0, 0.0, 0.0, 0.0, 0.0, 0.0, 0.0, 0.0, 0.0, 0.0, 0.0, 0.0, 0.0, 0.0, 0.0, 0.0, 0.0, 0.0, 0.0, 0.0, 0.0, 0.0, 0.0, 0.0, 0.0, 0.0, 0.0, 0.0]]];
t = [[99999999.0, 5.528002474547808, 14.26688115895152, 14.061069706924735, 14.077320197869001, 12.82962283790462, 8.353536601755383, 13.69227254438061, 11.129111336586963, 14.367391227002116, 10.365769480951997, 12.076072265177302, 13.05416794783382, 7.919126228771328, 14.811173685310221, 7.1947738730289945, 5.131034624085657, 5.112372427477158, 12.643667849331068, 5.718438076968717, 10.148903982748767, 5.938865405005998, 9.765604553712002, 14.566416945862686, 13.135209203523514, 6.17450290513022, 9.771500232991576, 11.252715131877554, 11.174797374399706, 6.890870779732696], [5.528002474547808, 99999999.0, 14.292848597517283, 5.861059479347447, 12.821657637102227, 5.39201906217823, 7.399380829560026, 12.192739866130076, 14.605477101167626, 7.698244462213984, 5.87254315576393, 9.7627094821123, 14.52604982934434, 13.714599513662199, 13.59386804504745, 6.808496423250694, 12.707371465083543, 8.902854668443918, 11.079782120633778, 11.324140130683876, 11.996866466311364, 9.818270817446617, 9.619959089852212, 14.43829202720398, 6.557649879597783, 6.069566641832527, 13.379843632011534, 11.903328243390202, 8.267380336086347, 7.004665658758215], [14.26688115895152, 14.292848597517283, 99999999.0, 11.302601234186788, 14.467691990621821, 13.167712725791223, 6.374105995371354, 5.56642181242744, 12.195161309869375, 6.694160780445272, 12.555744463506258, 9.654623484055465, 9.481345205988353, 7.15076781816809, 5.436522786098563, 10.469111295234748, 8.186854326883708, 10.248847831797844, 10.066562946551532, 10.595586039166918, 6.751302052252482, 8.381742195233329, 9.602021699801456, 14.469206258263306, 9.06596600600359, 9.759142068710501, 5.436859886831536, 6.915356345111434, 6.699724249045955, 11.621033025162031], [14.061069706924735, 5.861059479347447, 11.302601234186788, 99999999.0, 9.527019174786355, 11.305952896624802, 8.762666652087095, 13.562299140379542, 14.662941143589192, 9.134239302359124, 10.402437933830145, 11.086741258838883, 14.143852030457403, 10.435300281658076, 5.806409908404502, 8.923252938336722, 14.341920035903362, 14.787129477873286, 8.778235106418837, 8.459611600150868, 10.424082971605472, 11.571084427329755, 10.270235455229393, 11.360966275662987, 13.781566434145283, 10.619373963593928, 5.609945722136911, 9.42026725477784, 7.435599254608343, 6.517449810731044], [14.077320197869001, 12.821657637102227, 14.467691990621821, 9.527019174786355, 99999999.0, 7.709299505274744, 10.855271537002931, 7.226984397741582, 6.304464571995133, 8.48749339907631, 11.205133688705052, 11.501862415200225, 6.898673598334513, 13.384968057781357, 14.063748149739997, 11.050731434180655, 7.915854494529595, 5.771531745125161, 8.050213527891081, 10.004891588166746, 6.926530146731356, 11.537681463243867, 14.095998804287678, 10.427126769672181, 5.69928466317255, 10.413367496543602, 10.068177199692869, 9.121781871576573, 5.1283174187994245, 7.926219190033076], [12.82962283790462, 5.39201906217823, 13.167712725791223, 11.305952896624802, 7.709299505274744, 99999999.0, 5.146757949481792, 9.28215751055655, 10.591212889396022, 10.662379052600997, 14.969245296852243, 7.323421615189454, 8.322693049737577, 10.409381765580424, 10.782718158229725, 13.53188715541704, 10.125802414422036, 5.862037579131791, 13.599159440292302, 8.258683123797109, 7.745961835739709, 13.352307618857237, 9.480860923919707, 12.834830111834652, 10.909597476968484, 8.308288038303884, 8.568319197311967, 10.773961476550339, 14.81104194136788, 5.086539213430704], [8.353536601755383, 7.399380829560026, 6.374105995371354, 8.762666652087095, 10.855271537002931, 5.146757949481792, 99999999.0, 14.372497072463439, 5.838327731268476, 6.997965868045009, 12.539392951550635, 7.809712118662312, 12.981721349097661, 8.631941836929927, 10.0771589580568, 5.277109750775563, 8.750242894867437, 7.606407390000138, 13.691440028382596, 5.740497419593314, 12.977321944419744, 6.42742809573004, 10.453499168755172, 8.446575810744882, 7.0868030055818645, 9.275478452099282, 7.707649161676199, 7.08836487049635, 7.369010494390757, 10.420154657684257], [13.69227254438061, 12.192739866130076, 5.56642181242744, 13.562299140379542, 7.226984397741582, 9.28215751055655, 14.372497072463439, 99999999.0, 13.19940286564228, 13.525833963437123, 9.97900127981826, 14.33429629490894, 8.24487505954121, 8.369426760915273, 6.490285470449687, 5.517083137184341, 10.088587994978749, 7.271475593200556, 12.965510136652135, 5.180998930765217, 13.075103383914913, 5.058603118489438, 12.519695385262843, 9.88542083202869, 9.564122343624168, 13.307106606380767, 9.991444790122856, 12.294432535739006, 12.158717360122683, 13.9418635916236], [11.129111336586963, 14.605477101167626, 12.195161309869375, 14.662941143589192, 6.304464571995133, 10.591212889396022, 5.838327731268476, 13.19940286564228, 99999999.0, 5.233278108907541, 10.515158528768954, 8.767914752094619, 14.750633592856921, 7.204345786121044, 12.162926944790001, 6.800310776815795, 13.697987821447311, 11.533015953654862, 8.197601862436086, 13.154722744288838, 7.002098321840772, 6.430141814467298, 14.710741400179543, 11.045499949972335, 7.118401163593024, 14.118516652824777, 5.223533330668805, 7.213092167177992, 14.753677947046473, 6.750531764883695], [14.367391227002116, 7.698244462213984, 6.694160780445272, 9.134239302359124, 8.48749339907631, 10.662379052600997, 6.997965868045009, 13.525833963437123, 5.233278108907541, 99999999.0, 10.40320849094809, 9.306781157990146, 10.217318334448287, 14.044560262931647, 14.365331629421783, 8.121928733761354, 12.369915460920843, 12.020150666827409, 12.910135721699504, 9.211023574998748, 6.440892695191539, 11.128612025014302, 11.659586621431128, 9.728172090120058, 13.754481774439192, 14.923094501181216, 5.100805299720992, 6.3688583125937805, 5.72393297232018, 8.280506548716673], [10.365769480951997, 5.87254315576393, 12.555744463506258, 10.402437933830145, 11.205133688705052, 14.969245296852243, 12.539392951550635, 9.97900127981826, 10.515158528768954, 10.40320849094809, 99999999.0, 8.958624710378267, 8.538669771880667, 9.779812426332818, 13.08404277647065, 8.136498989197813, 9.54567376454813, 12.956517385287674, 6.410942398709861, 11.423396277698961, 6.4962807512573315, 7.998842489276225, 11.918850681486582, 13.824763805614277, 9.589339929968133, 11.65093572012304, 8.54436329575871, 5.778225304438934, 5.565123472374895, 7.011402366563576], [12.076072265177302, 9.7627094821123, 9.654623484055465, 11.086741258838883, 11.501862415200225, 7.323421615189454, 7.809712118662312, 14.33429629490894, 8.767914752094619, 9.306781157990146, 8.958624710378267, 99999999.0, 12.954025541215628, 5.236022017023477, 10.438143534426574, 13.490300764545063, 10.387039029988742, 8.518146692883514, 7.782296736452642, 5.821335316956854, 5.5480295012611816, 10.997046969959062, 14.360102843427585, 11.27964088763951, 9.270557941891663, 8.3665498206631, 14.934747234600218, 6.401183218594202, 10.293204772635676, 11.218940595041161], [13.05416794783382, 14.52604982934434, 9.481345205988353, 14.143852030457403, 6.898673598334513, 8.322693049737577, 12.981721349097661, 8.24487505954121, 14.750633592856921, 10.217318334448287, 8.538669771880667, 12.954025541215628, 99999999.0, 13.892334300495973, 5.345246462065168, 14.550109870008814, 14.790677629044124, 7.712782034827064, 7.733152007810893, 14.800628468651437, 14.192645284087536, 5.140778174995807, 6.483598977768307, 6.0533071782720915, 8.88821149881582, 7.312938628967023, 9.097770228501592, 5.324505366790725, 7.109484199111349, 9.624330425209074], [7.919126228771328, 13.714599513662199, 7.15076781816809, 10.435300281658076, 13.384968057781357, 10.409381765580424, 8.631941836929927, 8.369426760915273, 7.204345786121044, 14.044560262931647, 9.779812426332818, 5.236022017023477, 13.892334300495973, 99999999.0, 6.261824197172485, 7.632839136899729, 13.7800611244011, 7.621936171101186, 13.264299194917177, 13.79455019491203, 5.009960522988946, 10.469447104343919, 13.833435628734478, 12.639899265348157, 8.195164804378052, 11.432608777370636, 11.272696825436812, 9.207653086358672, 7.513788459060471, 6.322322976206856], [14.811173685310221, 13.59386804504745, 5.436522786098563, 5.806409908404502, 14.063748149739997, 10.782718158229725, 10.0771589580568, 6.490285470449687, 12.162926944790001, 14.365331629421783, 13.08404277647065, 10.438143534426574, 5.345246462065168, 6.261824197172485, 99999999.0, 7.172174437601094, 6.823303597322016, 12.98228041084101, 5.884640353181365, 6.32341730608263, 10.857416714973638, 6.493509120767145, 8.476897018538178, 8.205338125567451, 11.230080272081098, 14.670782471931055, 7.921419030760707, 10.1310360017239, 6.529423609452634, 5.201028825191091], [7.1947738730289945, 6.808496423250694, 10.469111295234748, 8.923252938336722, 11.050731434180655, 13.53188715541704, 5.277109750775563, 5.517083137184341, 6.800310776815795, 8.121928733761354, 8.136498989197813, 13.490300764545063, 14.550109870008814, 7.632839136899729, 7.172174437601094, 99999999.0, 5.225879645128707, 8.490465945764551, 10.016249347686301, 11.184769961947111, 5.918062336679335, 14.341233140571973, 11.93050194499574, 9.589284868485802, 14.36048964123129, 14.786466204146759, 10.926642870094117, 10.235407643809495, 9.891101211142685, 11.021748061835867], [5.131034624085657, 12.707371465083543, 8.186854326883708, 14.341920035903362, 7.915854494529595, 10.125802414422036, 8.750242894867437, 10.088587994978749, 13.697987821447311, 12.369915460920843, 9.54567376454813, 10.387039029988742, 14.790677629044124, 13.7800611244011, 6.823303597322016, 5.225879645128707, 99999999.0, 8.486579493136498, 13.595104320991235, 8.254421585908268, 7.835927848316034, 12.951703100192834, 13.627552691998273, 14.965019711803153, 10.074815258446137, 11.413347872968636, 12.4619001767195, 6.50151773579677, 8.526719392398848, 11.727232176681483], [5.112372427477158, 8.902854668443918, 10.248847831797844, 14.787129477873286, 5.771531745125161, 5.862037579131791, 7.606407390000138, 7.271475593200556, 11.533015953654862, 12.020150666827409, 12.956517385287674, 8.518146692883514, 7.712782034827064, 7.621936171101186, 12.98228041084101, 8.490465945764551, 8.486579493136498, 99999999.0, 14.561101922889812, 7.19158424463192, 7.7542843466270295, 10.541702716583579, 9.267628162832466, 13.026038986659136, 11.929557342435515, 8.906511734760116, 6.527596804558259, 9.745195097262116, 9.170777270420432, 9.085529660232003], [12.643667849331068, 11.079782120633778, 10.066562946551532, 8.778235106418837, 8.050213527891081, 13.599159440292302, 13.691440028382596, 12.965510136652135, 8.197601862436086, 12.910135721699504, 6.410942398709861, 7.782296736452642, 7.733152007810893, 13.264299194917177, 5.884640353181365, 10.016249347686301, 13.595104320991235, 14.561101922889812, 99999999.0, 8.58806279171166, 7.753214670738745, 7.543981243668204, 11.66825845748992, 12.846948272100411, 12.488324510933442, 7.647359091056563, 6.867498436381304, 14.861950037165244, 10.693217992952619, 7.917575834424157], [5.718438076968717, 11.324140130683876, 10.595586039166918, 8.459611600150868, 10.004891588166746, 8.258683123797109, 5.740497419593314, 5.180998930765217, 13.154722744288838, 9.211023574998748, 11.423396277698961, 5.821335316956854, 14.800628468651437, 13.79455019491203, 6.32341730608263, 11.184769961947111, 8.254421585908268, 7.19158424463192, 8.58806279171166, 99999999.0, 7.875426934223916, 12.655430151507275, 10.110817708368533, 12.96581052858491, 10.061217181873387, 8.930416819072544, 9.308924181396137, 11.718504516331418, 11.792461876595903, 8.774291926410076], [10.148903982748767, 11.996866466311364, 6.751302052252482, 10.424082971605472, 6.926530146731356, 7.745961835739709, 12.977321944419744, 13.075103383914913, 7.002098321840772, 6.440892695191539, 6.4962807512573315, 5.5480295012611816, 14.192645284087536, 5.009960522988946, 10.857416714973638, 5.918062336679335, 7.835927848316034, 7.7542843466270295, 7.753214670738745, 7.875426934223916, 99999999.0, 13.383993605492305, 10.076670904427822, 14.950747226717487, 7.970871330754315, 8.290876198412684, 14.32896677995257, 12.25455409967232, 8.277071716700993, 12.504957434532649], [5.938865405005998, 9.818270817446617, 8.381742195233329, 11.571084427329755, 11.537681463243867, 13.352307618857237, 6.42742809573004, 5.058603118489438, 6.430141814467298, 11.128612025014302, 7.998842489276225, 10.997046969959062, 5.140778174995807, 10.469447104343919, 6.493509120767145, 14.341233140571973, 12.951703100192834, 10.541702716583579, 7.543981243668204, 12.655430151507275, 13.383993605492305, 99999999.0, 14.167741317466062, 5.341124681392118, 11.583605165666828, 10.715093008432017, 5.1173649837736, 6.044284387289571, 7.709343509112578, 13.996584149748179], [9.765604553712002, 9.619959089852212, 9.602021699801456, 10.270235455229393, 14.095998804287678, 9.480860923919707, 10.453499168755172, 12.519695385262843, 14.710741400179543, 11.659586621431128, 11.918850681486582, 14.360102843427585, 6.483598977768307, 13.833435628734478, 8.476897018538178, 11.93050194499574, 13.627552691998273, 9.267628162832466, 11.66825845748992, 10.110817708368533, 10.076670904427822, 14.167741317466062, 99999999.0, 13.980036362076493, 10.736667526426938, 5.86232764307872, 14.51330219984889, 12.14114252338728, 13.491423253674377, 14.54035514643082], [14.566416945862686, 14.43829202720398, 14.469206258263306, 11.360966275662987, 10.427126769672181, 12.834830111834652, 8.446575810744882, 9.88542083202869, 11.045499949972335, 9.728172090120058, 13.824763805614277, 11.27964088763951, 6.0533071782720915, 12.639899265348157, 8.205338125567451, 9.589284868485802, 14.965019711803153, 13.026038986659136, 12.846948272100411, 12.96581052858491, 14.950747226717487, 5.341124681392118, 13.980036362076493, 99999999.0, 7.825384982470781, 10.94764999351024, 8.455175630109737, 13.475621835825885, 9.689691571848169, 12.601662209138372], [13.135209203523514, 6.557649879597783, 9.06596600600359, 13.781566434145283, 5.69928466317255, 10.909597476968484, 7.0868030055818645, 9.564122343624168, 7.118401163593024, 13.754481774439192, 9.589339929968133, 9.270557941891663, 8.88821149881582, 8.195164804378052, 11.230080272081098, 14.36048964123129, 10.074815258446137, 11.929557342435515, 12.488324510933442, 10.061217181873387, 7.970871330754315, 11.583605165666828, 10.736667526426938, 7.825384982470781, 99999999.0, 14.747805772141252, 13.749107700738588, 12.232572729844932, 10.663432050795686, 10.9785095778129], [6.17450290513022, 6.069566641832527, 9.759142068710501, 10.619373963593928, 10.413367496543602, 8.308288038303884, 9.275478452099282, 13.307106606380767, 14.118516652824777, 14.923094501181216, 11.65093572012304, 8.3665498206631, 7.312938628967023, 11.432608777370636, 14.670782471931055, 14.786466204146759, 11.413347872968636, 8.906511734760116, 7.647359091056563, 8.930416819072544, 8.290876198412684, 10.715093008432017, 5.86232764307872, 10.94764999351024, 14.747805772141252, 99999999.0, 14.155898893324109, 9.603273074710383, 12.66465988426408, 8.744915700670557], [9.771500232991576, 13.379843632011534, 5.436859886831536, 5.609945722136911, 10.068177199692869, 8.568319197311967, 7.707649161676199, 9.991444790122856, 5.223533330668805, 5.100805299720992, 8.54436329575871, 14.934747234600218, 9.097770228501592, 11.272696825436812, 7.921419030760707, 10.926642870094117, 12.4619001767195, 6.527596804558259, 6.867498436381304, 9.308924181396137, 14.32896677995257, 5.1173649837736, 14.51330219984889, 8.455175630109737, 13.749107700738588, 14.155898893324109, 99999999.0, 10.325776569723867, 12.194029105474133, 13.591501173733471], [11.252715131877554, 11.903328243390202, 6.915356345111434, 9.42026725477784, 9.121781871576573, 10.773961476550339, 7.08836487049635, 12.294432535739006, 7.213092167177992, 6.3688583125937805, 5.778225304438934, 6.401183218594202, 5.324505366790725, 9.207653086358672, 10.1310360017239, 10.235407643809495, 6.50151773579677, 9.745195097262116, 14.861950037165244, 11.718504516331418, 12.25455409967232, 6.044284387289571, 12.14114252338728, 13.475621835825885, 12.232572729844932, 9.603273074710383, 10.325776569723867, 99999999.0, 12.160634127358293, 11.584543392731991], [11.174797374399706, 8.267380336086347, 6.699724249045955, 7.435599254608343, 5.1283174187994245, 14.81104194136788, 7.369010494390757, 12.158717360122683, 14.753677947046473, 5.72393297232018, 5.565123472374895, 10.293204772635676, 7.109484199111349, 7.513788459060471, 6.529423609452634, 9.891101211142685, 8.526719392398848, 9.170777270420432, 10.693217992952619, 11.792461876595903, 8.277071716700993, 7.709343509112578, 13.491423253674377, 9.689691571848169, 10.663432050795686, 12.66465988426408, 12.194029105474133, 12.160634127358293, 99999999.0, 6.822693870032085], [6.890870779732696, 7.004665658758215, 11.621033025162031, 6.517449810731044, 7.926219190033076, 5.086539213430704, 10.420154657684257, 13.9418635916236, 6.750531764883695, 8.280506548716673, 7.011402366563576, 11.218940595041161, 9.624330425209074, 6.322322976206856, 5.201028825191091, 11.021748061835867, 11.727232176681483, 9.085529660232003, 7.917575834424157, 8.774291926410076, 12.504957434532649, 13.996584149748179, 14.54035514643082, 12.601662209138372, 10.9785095778129, 8.744915700670557, 13.591501173733471, 11.584543392731991, 6.822693870032085, 99999999.0]];
