M = 99999999.0;
numWorkers = 25;
numRoles = 4;
numNodes = 30;
wStart = [0, 200.71066907434084, 340.55305665458036, 1.8305730111543368, 260.04280552171826, 223.1727305104739, 318.4676190008901, 228.47273732333926, 145.12785162559325, 34.011819348270315, 313.2881036939788, 204.69679926987735, 33.532458811223336, 302.08116359538286, 160.28878872276965, 130.5496290625984, 402.0451933691476, 147.05256656805304, 92.16131559371652, 96.61088663542746, 323.83234892195554, 55.375424616903985, 410.89210664877754, 245.90957444248517, 147.49503553644143, 315.6409408976958, 63.15995531783427, 170.74104938312811, 326.51034178156874, 0];
wEnd = [0, 232.00235025014896, 373.71637548029605, 33.07332734385699, 296.694653850194, 261.448752348605, 349.8448796548745, 255.52171743495242, 176.74334250759392, 71.60606854921137, 348.44110579831334, 234.39222376179669, 64.62039830466178, 341.7711333349421, 193.34757944954634, 168.74610087636853, 430.73444489896383, 185.8836523929358, 130.96251209114172, 122.4846827987615, 359.05954706625766, 93.81188308172003, 445.7988764726842, 278.2143243904713, 175.80144948324778, 353.31301995286844, 95.00316765857711, 198.55140531556748, 359.2751496295053, 450];
p = [0, 16.425789290415942, 19.97350302977462, 15.004300186821542, 18.976812817959214, 14.02699382812715, 15.838808085370445, 9.956536055260417, 16.212264703978164, 16.945423921906542, 16.75037531332688, 14.824517526879818, 15.75718369949841, 21.73213889465456, 9.854154449526842, 22.351941769619124, 15.322145691735326, 19.63787240813765, 23.599897306956464, 16.328104209416892, 15.30896344190213, 22.612576615087036, 17.667672508904896, 14.619416517148178, 15.45916967725259, 13.512347001651115, 15.03554112714472, 17.9789719696667, 17.41950524423177, 0];
e = [[1, 0, 1, 0], [0, 1, 0, 1], [1, 0, 0, 1], [1, 0, 0, 1], [0, 1, 1, 0], [1, 1, 0, 0], [1, 0, 1, 0], [1, 0, 1, 0], [0, 1, 1, 0], [1, 0, 1, 0], [1, 1, 0, 0], [1, 1, 0, 0], [1, 1, 0, 0], [0, 1, 0, 1], [0, 1, 0, 1], [0, 0, 0, 1], [0, 1, 0, 0], [0, 0, 1, 0], [0, 0, 0, 1], [0, 0, 1, 0], [0, 0, 1, 0], [0, 0, 0, 1], [0, 0, 0, 1], [0, 0, 0, 1], [0, 0, 1, 0]];
d = [[2, 2, 3, 0, 0, 0, 1, 1, 1, 2, 1, 1, 1, 0, 3, 1, 0, 1, 0, 0, 1, 3, 0, 2, 0, 0, 1, 0], [0, 1, 2, 2, 2, 2, 1, 2, 2, 2, 2, 1, 1, 1, 1, 3, 1, 4, 2, 1, 2, 2, 1, 3, 2, 2, 1, 2], [2, 0, 0, 2, 1, 1, 0, 1, 3, 1, 0, 1, 4, 2, 2, 2, 2, 1, 1, 2, 1, 3, 1, 1, 1, 1, 0, 2], [3, 1, 2, 0, 2, 1, 1, 3, 2, 1, 4, 3, 2, 0, 2, 1, 0, 2, 0, 2, 1, 0, 1, 1, 0, 1, 1, 0]];
r = [183.58318182854842, 80.78371865038146, 178.39868995764078, 126.3971429013911, 64.54720911309602, 121.09310144019075, 179.87599978367183, 65.3114148938861, 189.0333694077321, 132.13216847317577, 107.57793617161828, 131.56103353154472, 143.9876487032405, 175.09003287727054, 55.33702622608621, 74.50175414035314, 197.19519946443134, 137.35463272205016, 177.30206508029448, 61.729960992290074, 153.44664199267882, 111.5306646864266, 88.84948242524857, 75.12818599802976, 165.88878786428728, 138.5492424775079, 180.14243573814315, 190.49079576367924];
b = [[[0.0, 0.0, 0.0, 0.0, 0.0, 0.0, 0.0, 0.0, 0.0, 0.0, 0.0, 0.0, 0.0, 0.0, 0.0, 0.0, 0.0, 0.0, 0.0, 0.0, 0.0, 0.0, 0.0, 0.0, 0.0, 0.0, 0.0, 0.0], [0.0, 0.0, 0.0, 0.0, 0.0, 0.0, 0.0, 0.0, 0.0, 0.0, 0.0, 0.0, 0.0, 0.0, 0.0, 0.0, 0.0, 0.0, 0.0, 0.0, 0.0, 0.0, 0.0, 0.0, 0.0, 0.0, 0.0, 0.0], [0.0, 0.0, 0.0, 0.0, 0.0, 0.0, 0.0, 0.0, 0.0, 0.0, 0.0, 0.0, 0.0, 0.0, 0.0, 0.0, 0.0, 0.0, 0.0, 0.0, 0.0, 0.0, 0.0, 0.0, 0.0, 0.0, 0.0, 0.0], [0.0, 0.0, 0.0, 0.0, 0.0, 0.0, 0.0, 0.0, 0.0, 0.0, 0.0, 0.0, 0.0, 0.0, 0.0, 0.0, 0.0, 0.0, 0.0, 0.0, 0.0, 0.0, 0.0, 0.0, 0.0, 0.0, 0.0, 0.0]], [[0.0, 0.0, 0.0, 0.0, 0.0, 0.0, 0.0, 0.0, 0.0, 0.0, 0.0, 0.0, 0.0, 0.0, 0.0, 0.0, 0.0, 0.0, 0.0, 0.0, 0.0, 0.0, 0.0, 0.0, 0.0, 0.0, 0.0, 0.0], [0.0, 0.0, 0.0, 0.0, 0.0, 0.0, 0.0, 0.0, 0.0, 0.0, 0.0, 0.0, 0.0, 0.0, 0.0, 0.0, 0.0, 0.0, 0.0, 0.0, 0.0, 0.0, 0.0, 0.0, 0.0, 0.0, 0.0, 0.0], [0.0, 0.0, 0.0, 0.0, 0.0, 0.0, 0.0, 0.0, 0.0, 0.0, 0.0, 0.0, 0.0, 0.0, 0.0, 0.0, 0.0, 0.0, 0.0, 0.0, 0.0, 0.0, 0.0, 0.0, 0.0, 0.0, 0.0, 0.0], [0.0, 0.0, 0.0, 0.0, 0.0, 0.0, 0.0, 0.0, 0.0, 0.0, 0.0, 0.0, 0.0, 0.0, 0.0, 0.0, 0.0, 0.0, 0.0, 0.0, 0.0, 0.0, 0.0, 0.0, 0.0, 0.0, 0.0, 0.0]], [[0.0, 0.0, 0.0, 0.0, 0.0, 0.0, 0.0, 0.0, 0.0, 0.0, 0.0, 0.0, 0.0, 0.0, 0.0, 0.0, 0.0, 0.0, 0.0, 0.0, 0.0, 0.0, 0.0, 0.0, 0.0, 0.0, 0.0, 0.0], [0.0, 0.0, 0.0, 0.0, 0.0, 0.0, 0.0, 0.0, 0.0, 0.0, 0.0, 0.0, 0.0, 0.0, 0.0, 0.0, 0.0, 0.0, 0.0, 0.0, 0.0, 0.0, 0.0, 0.0, 0.0, 0.0, 0.0, 0.0], [0.0, 0.0, 0.0, 0.0, 0.0, 0.0, 0.0, 0.0, 0.0, 0.0, 0.0, 0.0, 0.0, 0.0, 0.0, 0.0, 0.0, 0.0, 0.0, 0.0, 0.0, 0.0, 0.0, 0.0, 0.0, 0.0, 0.0, 0.0], [0.0, 0.0, 0.0, 0.0, 0.0, 0.0, 0.0, 0.0, 0.0, 0.0, 0.0, 0.0, 0.0, 0.0, 0.0, 0.0, 0.0, 0.0, 0.0, 0.0, 0.0, 0.0, 0.0, 0.0, 0.0, 0.0, 0.0, 0.0]], [[0.0, 0.0, 0.0, 0.0, 0.0, 0.0, 0.0, 0.0, 0.0, 0.0, 0.0, 0.0, 0.0, 0.0, 0.0, 0.0, 0.0, 0.0, 0.0, 0.0, 0.0, 0.0, 0.0, 0.0, 0.0, 0.0, 0.0, 0.0], [0.0, 0.0, 0.0, 0.0, 0.0, 0.0, 0.0, 0.0, 0.0, 0.0, 0.0, 0.0, 0.0, 0.0, 0.0, 0.0, 0.0, 0.0, 0.0, 0.0, 0.0, 0.0, 0.0, 0.0, 0.0, 0.0, 0.0, 0.0], [0.0, 0.0, 0.0, 0.0, 0.0, 0.0, 0.0, 0.0, 0.0, 0.0, 0.0, 0.0, 0.0, 0.0, 0.0, 0.0, 0.0, 0.0, 0.0, 0.0, 0.0, 0.0, 0.0, 0.0, 0.0, 0.0, 0.0, 0.0], [0.0, 0.0, 0.0, 0.0, 0.0, 0.0, 0.0, 0.0, 0.0, 0.0, 0.0, 0.0, 0.0, 0.0, 0.0, 0.0, 0.0, 0.0, 0.0, 0.0, 0.0, 0.0, 0.0, 0.0, 0.0, 0.0, 0.0, 0.0]], [[0.0, 0.0, 0.0, 0.0, 0.0, 0.0, 0.0, 0.0, 0.0, 0.0, 0.0, 0.0, 0.0, 0.0, 0.0, 0.0, 0.0, 0.0, 0.0, 0.0, 0.0, 0.0, 0.0, 0.0, 0.0, 0.0, 0.0, 0.0], [0.0, 0.0, 0.0, 0.0, 0.0, 0.0, 0.0, 0.0, 0.0, 0.0, 0.0, 0.0, 0.0, 0.0, 0.0, 0.0, 0.0, 0.0, 0.0, 0.0, 0.0, 0.0, 0.0, 0.0, 0.0, 0.0, 0.0, 0.0], [0.0, 0.0, 0.0, 0.0, 0.0, 0.0, 0.0, 0.0, 0.0, 0.0, 0.0, 0.0, 0.0, 0.0, 0.0, 0.0, 0.0, 0.0, 0.0, 0.0, 0.0, 0.0, 0.0, 0.0, 0.0, 0.0, 0.0, 0.0], [0.0, 0.0, 0.0, 0.0, 0.0, 0.0, 0.0, 0.0, 0.0, 0.0, 0.0, 0.0, 0.0, 0.0, 0.0, 0.0, 0.0, 0.0, 0.0, 0.0, 0.0, 0.0, 0.0, 0.0, 0.0, 0.0, 0.0, 0.0]], [[0.0, 0.0, 0.0, 0.0, 0.0, 0.0, 0.0, 0.0, 0.0, 0.0, 0.0, 0.0, 0.0, 0.0, 0.0, 0.0, 0.0, 0.0, 0.0, 0.0, 0.0, 0.0, 0.0, 0.0, 0.0, 0.0, 0.0, 0.0], [0.0, 0.0, 0.0, 0.0, 0.0, 0.0, 0.0, 0.0, 0.0, 0.0, 0.0, 0.0, 0.0, 0.0, 0.0, 0.0, 0.0, 0.0, 0.0, 0.0, 0.0, 0.0, 0.0, 0.0, 0.0, 0.0, 0.0, 0.0], [0.0, 0.0, 0.0, 0.0, 0.0, 0.0, 0.0, 0.0, 0.0, 0.0, 0.0, 0.0, 0.0, 0.0, 0.0, 0.0, 0.0, 0.0, 0.0, 0.0, 0.0, 0.0, 0.0, 0.0, 0.0, 0.0, 0.0, 0.0], [0.0, 0.0, 0.0, 0.0, 0.0, 0.0, 0.0, 0.0, 0.0, 0.0, 0.0, 0.0, 0.0, 0.0, 0.0, 0.0, 0.0, 0.0, 0.0, 0.0, 0.0, 0.0, 0.0, 0.0, 0.0, 0.0, 0.0, 0.0]], [[0.0, 0.0, 0.0, 0.0, 0.0, 0.0, 0.0, 0.0, 0.0, 0.0, 0.0, 0.0, 0.0, 0.0, 0.0, 0.0, 0.0, 0.0, 0.0, 0.0, 0.0, 0.0, 0.0, 0.0, 0.0, 0.0, 0.0, 0.0], [0.0, 0.0, 0.0, 0.0, 0.0, 0.0, 0.0, 0.0, 0.0, 0.0, 0.0, 0.0, 0.0, 0.0, 0.0, 0.0, 0.0, 0.0, 0.0, 0.0, 0.0, 0.0, 0.0, 0.0, 0.0, 0.0, 0.0, 0.0], [0.0, 0.0, 0.0, 0.0, 0.0, 0.0, 0.0, 0.0, 0.0, 0.0, 0.0, 0.0, 0.0, 0.0, 0.0, 0.0, 0.0, 0.0, 0.0, 0.0, 0.0, 0.0, 0.0, 0.0, 0.0, 0.0, 0.0, 0.0], [0.0, 0.0, 0.0, 0.0, 0.0, 0.0, 0.0, 0.0, 0.0, 0.0, 0.0, 0.0, 0.0, 0.0, 0.0, 0.0, 0.0, 0.0, 0.0, 0.0, 0.0, 0.0, 0.0, 0.0, 0.0, 0.0, 0.0, 0.0]], [[0.0, 0.0, 0.0, 0.0, 0.0, 0.0, 0.0, 0.0, 0.0, 0.0, 0.0, 0.0, 0.0, 0.0, 0.0, 0.0, 0.0, 0.0, 0.0, 0.0, 0.0, 0.0, 0.0, 0.0, 0.0, 0.0, 0.0, 0.0], [0.0, 0.0, 0.0, 0.0, 0.0, 0.0, 0.0, 0.0, 0.0, 0.0, 0.0, 0.0, 0.0, 0.0, 0.0, 0.0, 0.0, 0.0, 0.0, 0.0, 0.0, 0.0, 0.0, 0.0, 0.0, 0.0, 0.0, 0.0], [0.0, 0.0, 0.0, 0.0, 0.0, 0.0, 0.0, 0.0, 0.0, 0.0, 0.0, 0.0, 0.0, 0.0, 0.0, 0.0, 0.0, 0.0, 0.0, 0.0, 0.0, 0.0, 0.0, 0.0, 0.0, 0.0, 0.0, 0.0], [0.0, 0.0, 0.0, 0.0, 0.0, 0.0, 0.0, 0.0, 0.0, 0.0, 0.0, 0.0, 0.0, 0.0, 0.0, 0.0, 0.0, 0.0, 0.0, 0.0, 0.0, 0.0, 0.0, 0.0, 0.0, 0.0, 0.0, 0.0]], [[0.0, 0.0, 0.0, 0.0, 0.0, 0.0, 0.0, 0.0, 0.0, 0.0, 0.0, 0.0, 0.0, 0.0, 0.0, 0.0, 0.0, 0.0, 0.0, 0.0, 0.0, 0.0, 0.0, 0.0, 0.0, 0.0, 0.0, 0.0], [0.0, 0.0, 0.0, 0.0, 0.0, 0.0, 0.0, 0.0, 0.0, 0.0, 0.0, 0.0, 0.0, 0.0, 0.0, 0.0, 0.0, 0.0, 0.0, 0.0, 0.0, 0.0, 0.0, 0.0, 0.0, 0.0, 0.0, 0.0], [0.0, 0.0, 0.0, 0.0, 0.0, 0.0, 0.0, 0.0, 0.0, 0.0, 0.0, 0.0, 0.0, 0.0, 0.0, 0.0, 0.0, 0.0, 0.0, 0.0, 0.0, 0.0, 0.0, 0.0, 0.0, 0.0, 0.0, 0.0], [0.0, 0.0, 0.0, 0.0, 0.0, 0.0, 0.0, 0.0, 0.0, 0.0, 0.0, 0.0, 0.0, 0.0, 0.0, 0.0, 0.0, 0.0, 0.0, 0.0, 0.0, 0.0, 0.0, 0.0, 0.0, 0.0, 0.0, 0.0]], [[0.0, 0.0, 0.0, 0.0, 0.0, 0.0, 0.0, 0.0, 0.0, 0.0, 0.0, 0.0, 0.0, 0.0, 0.0, 0.0, 0.0, 0.0, 0.0, 0.0, 0.0, 0.0, 0.0, 0.0, 0.0, 0.0, 0.0, 0.0], [0.0, 0.0, 0.0, 0.0, 0.0, 0.0, 0.0, 0.0, 0.0, 0.0, 0.0, 0.0, 0.0, 0.0, 0.0, 0.0, 0.0, 0.0, 0.0, 0.0, 0.0, 0.0, 0.0, 0.0, 0.0, 0.0, 0.0, 0.0], [0.0, 0.0, 0.0, 0.0, 0.0, 0.0, 0.0, 0.0, 0.0, 0.0, 0.0, 0.0, 0.0, 0.0, 0.0, 0.0, 0.0, 0.0, 0.0, 0.0, 0.0, 0.0, 0.0, 0.0, 0.0, 0.0, 0.0, 0.0], [0.0, 0.0, 0.0, 0.0, 0.0, 0.0, 0.0, 0.0, 0.0, 0.0, 0.0, 0.0, 0.0, 0.0, 0.0, 0.0, 0.0, 0.0, 0.0, 0.0, 0.0, 0.0, 0.0, 0.0, 0.0, 0.0, 0.0, 0.0]], [[0.0, 0.0, 0.0, 0.0, 0.0, 0.0, 0.0, 0.0, 0.0, 0.0, 0.0, 0.0, 0.0, 0.0, 0.0, 0.0, 0.0, 0.0, 0.0, 0.0, 0.0, 0.0, 0.0, 0.0, 0.0, 0.0, 0.0, 0.0], [0.0, 0.0, 0.0, 0.0, 0.0, 0.0, 0.0, 0.0, 0.0, 0.0, 0.0, 0.0, 0.0, 0.0, 0.0, 0.0, 0.0, 0.0, 0.0, 0.0, 0.0, 0.0, 0.0, 0.0, 0.0, 0.0, 0.0, 0.0], [0.0, 0.0, 0.0, 0.0, 0.0, 0.0, 0.0, 0.0, 0.0, 0.0, 0.0, 0.0, 0.0, 0.0, 0.0, 0.0, 0.0, 0.0, 0.0, 0.0, 0.0, 0.0, 0.0, 0.0, 0.0, 0.0, 0.0, 0.0], [0.0, 0.0, 0.0, 0.0, 0.0, 0.0, 0.0, 0.0, 0.0, 0.0, 0.0, 0.0, 0.0, 0.0, 0.0, 0.0, 0.0, 0.0, 0.0, 0.0, 0.0, 0.0, 0.0, 0.0, 0.0, 0.0, 0.0, 0.0]], [[0.0, 0.0, 0.0, 0.0, 0.0, 0.0, 0.0, 0.0, 0.0, 0.0, 0.0, 0.0, 0.0, 0.0, 0.0, 0.0, 0.0, 0.0, 0.0, 0.0, 0.0, 0.0, 0.0, 0.0, 0.0, 0.0, 0.0, 0.0], [0.0, 0.0, 0.0, 0.0, 0.0, 0.0, 0.0, 0.0, 0.0, 0.0, 0.0, 0.0, 0.0, 0.0, 0.0, 0.0, 0.0, 0.0, 0.0, 0.0, 0.0, 0.0, 0.0, 0.0, 0.0, 0.0, 0.0, 0.0], [0.0, 0.0, 0.0, 0.0, 0.0, 0.0, 0.0, 0.0, 0.0, 0.0, 0.0, 0.0, 0.0, 0.0, 0.0, 0.0, 0.0, 0.0, 0.0, 0.0, 0.0, 0.0, 0.0, 0.0, 0.0, 0.0, 0.0, 0.0], [0.0, 0.0, 0.0, 0.0, 0.0, 0.0, 0.0, 0.0, 0.0, 0.0, 0.0, 0.0, 0.0, 0.0, 0.0, 0.0, 0.0, 0.0, 0.0, 0.0, 0.0, 0.0, 0.0, 0.0, 0.0, 0.0, 0.0, 0.0]], [[0.0, 0.0, 0.0, 0.0, 0.0, 0.0, 0.0, 0.0, 0.0, 0.0, 0.0, 0.0, 0.0, 0.0, 0.0, 0.0, 0.0, 0.0, 0.0, 0.0, 0.0, 0.0, 0.0, 0.0, 0.0, 0.0, 0.0, 0.0], [0.0, 0.0, 0.0, 0.0, 0.0, 0.0, 0.0, 0.0, 0.0, 0.0, 0.0, 0.0, 0.0, 0.0, 0.0, 0.0, 0.0, 0.0, 0.0, 0.0, 0.0, 0.0, 0.0, 0.0, 0.0, 0.0, 0.0, 0.0], [0.0, 0.0, 0.0, 0.0, 0.0, 0.0, 0.0, 0.0, 0.0, 0.0, 0.0, 0.0, 0.0, 0.0, 0.0, 0.0, 0.0, 0.0, 0.0, 0.0, 0.0, 0.0, 0.0, 0.0, 0.0, 0.0, 0.0, 0.0], [0.0, 0.0, 0.0, 0.0, 0.0, 0.0, 0.0, 0.0, 0.0, 0.0, 0.0, 0.0, 0.0, 0.0, 0.0, 0.0, 0.0, 0.0, 0.0, 0.0, 0.0, 0.0, 0.0, 0.0, 0.0, 0.0, 0.0, 0.0]], [[0.0, 0.0, 0.0, 0.0, 0.0, 0.0, 0.0, 0.0, 0.0, 0.0, 0.0, 0.0, 0.0, 0.0, 0.0, 0.0, 0.0, 0.0, 0.0, 0.0, 0.0, 0.0, 0.0, 0.0, 0.0, 0.0, 0.0, 0.0], [0.0, 0.0, 0.0, 0.0, 0.0, 0.0, 0.0, 0.0, 0.0, 0.0, 0.0, 0.0, 0.0, 0.0, 0.0, 0.0, 0.0, 0.0, 0.0, 0.0, 0.0, 0.0, 0.0, 0.0, 0.0, 0.0, 0.0, 0.0], [0.0, 0.0, 0.0, 0.0, 0.0, 0.0, 0.0, 0.0, 0.0, 0.0, 0.0, 0.0, 0.0, 0.0, 0.0, 0.0, 0.0, 0.0, 0.0, 0.0, 0.0, 0.0, 0.0, 0.0, 0.0, 0.0, 0.0, 0.0], [0.0, 0.0, 0.0, 0.0, 0.0, 0.0, 0.0, 0.0, 0.0, 0.0, 0.0, 0.0, 0.0, 0.0, 0.0, 0.0, 0.0, 0.0, 0.0, 0.0, 0.0, 0.0, 0.0, 0.0, 0.0, 0.0, 0.0, 0.0]], [[0.0, 0.0, 0.0, 0.0, 0.0, 0.0, 0.0, 0.0, 0.0, 0.0, 0.0, 0.0, 0.0, 0.0, 0.0, 0.0, 0.0, 0.0, 0.0, 0.0, 0.0, 0.0, 0.0, 0.0, 0.0, 0.0, 0.0, 0.0], [0.0, 0.0, 0.0, 0.0, 0.0, 0.0, 0.0, 0.0, 0.0, 0.0, 0.0, 0.0, 0.0, 0.0, 0.0, 0.0, 0.0, 0.0, 0.0, 0.0, 0.0, 0.0, 0.0, 0.0, 0.0, 0.0, 0.0, 0.0], [0.0, 0.0, 0.0, 0.0, 0.0, 0.0, 0.0, 0.0, 0.0, 0.0, 0.0, 0.0, 0.0, 0.0, 0.0, 0.0, 0.0, 0.0, 0.0, 0.0, 0.0, 0.0, 0.0, 0.0, 0.0, 0.0, 0.0, 0.0], [0.0, 0.0, 0.0, 0.0, 0.0, 0.0, 0.0, 0.0, 0.0, 0.0, 0.0, 0.0, 0.0, 0.0, 0.0, 0.0, 0.0, 0.0, 0.0, 0.0, 0.0, 0.0, 0.0, 0.0, 0.0, 0.0, 0.0, 0.0]], [[0.0, 0.0, 0.0, 0.0, 0.0, 0.0, 0.0, 0.0, 0.0, 0.0, 0.0, 0.0, 0.0, 0.0, 0.0, 0.0, 0.0, 0.0, 0.0, 0.0, 0.0, 0.0, 0.0, 0.0, 0.0, 0.0, 0.0, 0.0], [0.0, 0.0, 0.0, 0.0, 0.0, 0.0, 0.0, 0.0, 0.0, 0.0, 0.0, 0.0, 0.0, 0.0, 0.0, 0.0, 0.0, 0.0, 0.0, 0.0, 0.0, 0.0, 0.0, 0.0, 0.0, 0.0, 0.0, 0.0], [0.0, 0.0, 0.0, 0.0, 0.0, 0.0, 0.0, 0.0, 0.0, 0.0, 0.0, 0.0, 0.0, 0.0, 0.0, 0.0, 0.0, 0.0, 0.0, 0.0, 0.0, 0.0, 0.0, 0.0, 0.0, 0.0, 0.0, 0.0], [0.0, 0.0, 0.0, 0.0, 0.0, 0.0, 0.0, 0.0, 0.0, 0.0, 0.0, 0.0, 0.0, 0.0, 0.0, 0.0, 0.0, 0.0, 0.0, 0.0, 0.0, 0.0, 0.0, 0.0, 0.0, 0.0, 0.0, 0.0]], [[0.0, 0.0, 0.0, 0.0, 0.0, 0.0, 0.0, 0.0, 0.0, 0.0, 0.0, 0.0, 0.0, 0.0, 0.0, 0.0, 0.0, 0.0, 0.0, 0.0, 0.0, 0.0, 0.0, 0.0, 0.0, 0.0, 0.0, 0.0], [0.0, 0.0, 0.0, 0.0, 0.0, 0.0, 0.0, 0.0, 0.0, 0.0, 0.0, 0.0, 0.0, 0.0, 0.0, 0.0, 0.0, 0.0, 0.0, 0.0, 0.0, 0.0, 0.0, 0.0, 0.0, 0.0, 0.0, 0.0], [0.0, 0.0, 0.0, 0.0, 0.0, 0.0, 0.0, 0.0, 0.0, 0.0, 0.0, 0.0, 0.0, 0.0, 0.0, 0.0, 0.0, 0.0, 0.0, 0.0, 0.0, 0.0, 0.0, 0.0, 0.0, 0.0, 0.0, 0.0], [0.0, 0.0, 0.0, 0.0, 0.0, 0.0, 0.0, 0.0, 0.0, 0.0, 0.0, 0.0, 0.0, 0.0, 0.0, 0.0, 0.0, 0.0, 0.0, 0.0, 0.0, 0.0, 0.0, 0.0, 0.0, 0.0, 0.0, 0.0]], [[0.0, 0.0, 0.0, 0.0, 0.0, 0.0, 0.0, 0.0, 0.0, 0.0, 0.0, 0.0, 0.0, 0.0, 0.0, 0.0, 0.0, 0.0, 0.0, 0.0, 0.0, 0.0, 0.0, 0.0, 0.0, 0.0, 0.0, 0.0], [0.0, 0.0, 0.0, 0.0, 0.0, 0.0, 0.0, 0.0, 0.0, 0.0, 0.0, 0.0, 0.0, 0.0, 0.0, 0.0, 0.0, 0.0, 0.0, 0.0, 0.0, 0.0, 0.0, 0.0, 0.0, 0.0, 0.0, 0.0], [0.0, 0.0, 0.0, 0.0, 0.0, 0.0, 0.0, 0.0, 0.0, 0.0, 0.0, 0.0, 0.0, 0.0, 0.0, 0.0, 0.0, 0.0, 0.0, 0.0, 0.0, 0.0, 0.0, 0.0, 0.0, 0.0, 0.0, 0.0], [0.0, 0.0, 0.0, 0.0, 0.0, 0.0, 0.0, 0.0, 0.0, 0.0, 0.0, 0.0, 0.0, 0.0, 0.0, 0.0, 0.0, 0.0, 0.0, 0.0, 0.0, 0.0, 0.0, 0.0, 0.0, 0.0, 0.0, 0.0]], [[0.0, 0.0, 0.0, 0.0, 0.0, 0.0, 0.0, 0.0, 0.0, 0.0, 0.0, 0.0, 0.0, 0.0, 0.0, 0.0, 0.0, 0.0, 0.0, 0.0, 0.0, 0.0, 0.0, 0.0, 0.0, 0.0, 0.0, 0.0], [0.0, 0.0, 0.0, 0.0, 0.0, 0.0, 0.0, 0.0, 0.0, 0.0, 0.0, 0.0, 0.0, 0.0, 0.0, 0.0, 0.0, 0.0, 0.0, 0.0, 0.0, 0.0, 0.0, 0.0, 0.0, 0.0, 0.0, 0.0], [0.0, 0.0, 0.0, 0.0, 0.0, 0.0, 0.0, 0.0, 0.0, 0.0, 0.0, 0.0, 0.0, 0.0, 0.0, 0.0, 0.0, 0.0, 0.0, 0.0, 0.0, 0.0, 0.0, 0.0, 0.0, 0.0, 0.0, 0.0], [0.0, 0.0, 0.0, 0.0, 0.0, 0.0, 0.0, 0.0, 0.0, 0.0, 0.0, 0.0, 0.0, 0.0, 0.0, 0.0, 0.0, 0.0, 0.0, 0.0, 0.0, 0.0, 0.0, 0.0, 0.0, 0.0, 0.0, 0.0]], [[0.0, 0.0, 0.0, 0.0, 0.0, 0.0, 0.0, 0.0, 0.0, 0.0, 0.0, 0.0, 0.0, 0.0, 0.0, 0.0, 0.0, 0.0, 0.0, 0.0, 0.0, 0.0, 0.0, 0.0, 0.0, 0.0, 0.0, 0.0], [0.0, 0.0, 0.0, 0.0, 0.0, 0.0, 0.0, 0.0, 0.0, 0.0, 0.0, 0.0, 0.0, 0.0, 0.0, 0.0, 0.0, 0.0, 0.0, 0.0, 0.0, 0.0, 0.0, 0.0, 0.0, 0.0, 0.0, 0.0], [0.0, 0.0, 0.0, 0.0, 0.0, 0.0, 0.0, 0.0, 0.0, 0.0, 0.0, 0.0, 0.0, 0.0, 0.0, 0.0, 0.0, 0.0, 0.0, 0.0, 0.0, 0.0, 0.0, 0.0, 0.0, 0.0, 0.0, 0.0], [0.0, 0.0, 0.0, 0.0, 0.0, 0.0, 0.0, 0.0, 0.0, 0.0, 0.0, 0.0, 0.0, 0.0, 0.0, 0.0, 0.0, 0.0, 0.0, 0.0, 0.0, 0.0, 0.0, 0.0, 0.0, 0.0, 0.0, 0.0]], [[0.0, 0.0, 0.0, 0.0, 0.0, 0.0, 0.0, 0.0, 0.0, 0.0, 0.0, 0.0, 0.0, 0.0, 0.0, 0.0, 0.0, 0.0, 0.0, 0.0, 0.0, 0.0, 0.0, 0.0, 0.0, 0.0, 0.0, 0.0], [0.0, 0.0, 0.0, 0.0, 0.0, 0.0, 0.0, 0.0, 0.0, 0.0, 0.0, 0.0, 0.0, 0.0, 0.0, 0.0, 0.0, 0.0, 0.0, 0.0, 0.0, 0.0, 0.0, 0.0, 0.0, 0.0, 0.0, 0.0], [0.0, 0.0, 0.0, 0.0, 0.0, 0.0, 0.0, 0.0, 0.0, 0.0, 0.0, 0.0, 0.0, 0.0, 0.0, 0.0, 0.0, 0.0, 0.0, 0.0, 0.0, 0.0, 0.0, 0.0, 0.0, 0.0, 0.0, 0.0], [0.0, 0.0, 0.0, 0.0, 0.0, 0.0, 0.0, 0.0, 0.0, 0.0, 0.0, 0.0, 0.0, 0.0, 0.0, 0.0, 0.0, 0.0, 0.0, 0.0, 0.0, 0.0, 0.0, 0.0, 0.0, 0.0, 0.0, 0.0]], [[0.0, 0.0, 0.0, 0.0, 0.0, 0.0, 0.0, 0.0, 0.0, 0.0, 0.0, 0.0, 0.0, 0.0, 0.0, 0.0, 0.0, 0.0, 0.0, 0.0, 0.0, 0.0, 0.0, 0.0, 0.0, 0.0, 0.0, 0.0], [0.0, 0.0, 0.0, 0.0, 0.0, 0.0, 0.0, 0.0, 0.0, 0.0, 0.0, 0.0, 0.0, 0.0, 0.0, 0.0, 0.0, 0.0, 0.0, 0.0, 0.0, 0.0, 0.0, 0.0, 0.0, 0.0, 0.0, 0.0], [0.0, 0.0, 0.0, 0.0, 0.0, 0.0, 0.0, 0.0, 0.0, 0.0, 0.0, 0.0, 0.0, 0.0, 0.0, 0.0, 0.0, 0.0, 0.0, 0.0, 0.0, 0.0, 0.0, 0.0, 0.0, 0.0, 0.0, 0.0], [0.0, 0.0, 0.0, 0.0, 0.0, 0.0, 0.0, 0.0, 0.0, 0.0, 0.0, 0.0, 0.0, 0.0, 0.0, 0.0, 0.0, 0.0, 0.0, 0.0, 0.0, 0.0, 0.0, 0.0, 0.0, 0.0, 0.0, 0.0]], [[0.0, 0.0, 0.0, 0.0, 0.0, 0.0, 0.0, 0.0, 0.0, 0.0, 0.0, 0.0, 0.0, 0.0, 0.0, 0.0, 0.0, 0.0, 0.0, 0.0, 0.0, 0.0, 0.0, 0.0, 0.0, 0.0, 0.0, 0.0], [0.0, 0.0, 0.0, 0.0, 0.0, 0.0, 0.0, 0.0, 0.0, 0.0, 0.0, 0.0, 0.0, 0.0, 0.0, 0.0, 0.0, 0.0, 0.0, 0.0, 0.0, 0.0, 0.0, 0.0, 0.0, 0.0, 0.0, 0.0], [0.0, 0.0, 0.0, 0.0, 0.0, 0.0, 0.0, 0.0, 0.0, 0.0, 0.0, 0.0, 0.0, 0.0, 0.0, 0.0, 0.0, 0.0, 0.0, 0.0, 0.0, 0.0, 0.0, 0.0, 0.0, 0.0, 0.0, 0.0], [0.0, 0.0, 0.0, 0.0, 0.0, 0.0, 0.0, 0.0, 0.0, 0.0, 0.0, 0.0, 0.0, 0.0, 0.0, 0.0, 0.0, 0.0, 0.0, 0.0, 0.0, 0.0, 0.0, 0.0, 0.0, 0.0, 0.0, 0.0]], [[0.0, 0.0, 0.0, 0.0, 0.0, 0.0, 0.0, 0.0, 0.0, 0.0, 0.0, 0.0, 0.0, 0.0, 0.0, 0.0, 0.0, 0.0, 0.0, 0.0, 0.0, 0.0, 0.0, 0.0, 0.0, 0.0, 0.0, 0.0], [0.0, 0.0, 0.0, 0.0, 0.0, 0.0, 0.0, 0.0, 0.0, 0.0, 0.0, 0.0, 0.0, 0.0, 0.0, 0.0, 0.0, 0.0, 0.0, 0.0, 0.0, 0.0, 0.0, 0.0, 0.0, 0.0, 0.0, 0.0], [0.0, 0.0, 0.0, 0.0, 0.0, 0.0, 0.0, 0.0, 0.0, 0.0, 0.0, 0.0, 0.0, 0.0, 0.0, 0.0, 0.0, 0.0, 0.0, 0.0, 0.0, 0.0, 0.0, 0.0, 0.0, 0.0, 0.0, 0.0], [0.0, 0.0, 0.0, 0.0, 0.0, 0.0, 0.0, 0.0, 0.0, 0.0, 0.0, 0.0, 0.0, 0.0, 0.0, 0.0, 0.0, 0.0, 0.0, 0.0, 0.0, 0.0, 0.0, 0.0, 0.0, 0.0, 0.0, 0.0]], [[0.0, 0.0, 0.0, 0.0, 0.0, 0.0, 0.0, 0.0, 0.0, 0.0, 0.0, 0.0, 0.0, 0.0, 0.0, 0.0, 0.0, 0.0, 0.0, 0.0, 0.0, 0.0, 0.0, 0.0, 0.0, 0.0, 0.0, 0.0], [0.0, 0.0, 0.0, 0.0, 0.0, 0.0, 0.0, 0.0, 0.0, 0.0, 0.0, 0.0, 0.0, 0.0, 0.0, 0.0, 0.0, 0.0, 0.0, 0.0, 0.0, 0.0, 0.0, 0.0, 0.0, 0.0, 0.0, 0.0], [0.0, 0.0, 0.0, 0.0, 0.0, 0.0, 0.0, 0.0, 0.0, 0.0, 0.0, 0.0, 0.0, 0.0, 0.0, 0.0, 0.0, 0.0, 0.0, 0.0, 0.0, 0.0, 0.0, 0.0, 0.0, 0.0, 0.0, 0.0], [0.0, 0.0, 0.0, 0.0, 0.0, 0.0, 0.0, 0.0, 0.0, 0.0, 0.0, 0.0, 0.0, 0.0, 0.0, 0.0, 0.0, 0.0, 0.0, 0.0, 0.0, 0.0, 0.0, 0.0, 0.0, 0.0, 0.0, 0.0]]];
t = [[99999999.0, 5.162664070516785, 8.528868445013597, 7.513907561835306, 12.85393299005116, 10.891798575280244, 12.704937272643862, 5.151956925671901, 11.260209447873368, 12.386941172980173, 9.527232675877645, 12.362508157124596, 5.0262233451839124, 6.65980382402897, 5.311086848677782, 13.630023080592244, 9.95825612606227, 11.317554631260396, 9.509859267119808, 9.504653299688382, 13.40912802315981, 6.947991047727977, 7.8969356054836615, 10.766404540382167, 6.138098261531836, 9.236625889558278, 11.824249275004796, 13.96475343605329, 13.891773876546697, 9.94477810379627], [5.162664070516785, 99999999.0, 5.071879886636973, 13.306977384293383, 9.002044280481591, 10.326116192046637, 7.237380691784644, 7.321374962895922, 5.60474751537548, 12.430751587277346, 5.285323362882773, 5.0507667376346, 8.176242012402435, 5.1211297337277095, 7.013061295687454, 12.553982208220658, 12.673704178691436, 8.090850763311142, 11.625325932666566, 6.9732058457024735, 11.522634955274977, 6.504894387081329, 13.997037955084933, 12.21835156785561, 13.386970796668127, 5.410578012613626, 9.85301724228664, 9.020116052426953, 6.081163360499197, 9.435123335400066], [8.528868445013597, 5.071879886636973, 99999999.0, 12.795111531435793, 10.752136179739828, 9.5616522451274, 7.245656411025719, 8.409485751687637, 10.179393319378713, 13.338561424939595, 6.257957048097186, 8.391161603469243, 12.906379938809977, 6.541901822329123, 9.911036820639541, 14.365952134056222, 10.72729683201203, 10.953801556682283, 10.779367770317398, 14.551014716889888, 13.137980122653572, 5.514228873816051, 6.906249954130693, 14.888105925963345, 13.703560901967572, 10.134272490231316, 8.19280710653529, 6.332552073078804, 7.445379232446458, 12.693851817242763], [7.513907561835306, 13.306977384293383, 12.795111531435793, 99999999.0, 6.864516551676287, 8.251642591390354, 8.556278638692731, 8.315279971782157, 12.286798295380269, 5.61950773747781, 7.919071434106276, 13.600447988671059, 11.883356918231193, 7.941635644209818, 5.723701722583848, 5.573503821906494, 6.939685576593893, 6.442476981645914, 10.988630342312634, 8.760327645155808, 10.70023430619317, 6.374961220497397, 13.212788254891862, 11.688237465143349, 13.450867019846491, 6.441413930921121, 5.131787702078549, 9.140099281191251, 10.90447850828065, 12.053494668233839], [12.85393299005116, 9.002044280481591, 10.752136179739828, 6.864516551676287, 99999999.0, 7.2700303951933005, 13.873140582309436, 9.824338544771974, 5.308028940560623, 7.7990465668005555, 8.120643853418308, 7.05524597022973, 11.552217137677573, 10.653286282024457, 8.953566879325765, 6.591626119142585, 10.315570343173313, 14.23393531814783, 6.0443994910054775, 11.137296495206888, 12.599259496084104, 10.341769269865377, 5.777187005759078, 11.171248692534316, 6.038743899111182, 5.105936444449628, 14.930684365492416, 8.463853677328984, 11.94228154764526, 6.306647227307307], [10.891798575280244, 10.326116192046637, 9.5616522451274, 8.251642591390354, 7.2700303951933005, 99999999.0, 13.014686986184316, 11.0702580643047, 10.19533219565132, 14.06615615008264, 10.930288587510118, 11.009404510940076, 8.275341339926594, 11.377027620358083, 6.5362603097823, 13.382816381671203, 6.5059327528180635, 5.087931795551846, 14.189189843840973, 6.991788095439691, 9.04169278984357, 11.295464827886809, 13.213779087525927, 7.337821599308763, 9.05347752710729, 6.379014038661051, 10.019734076892668, 12.25432469652068, 8.008714316004562, 10.521075006115566], [12.704937272643862, 7.237380691784644, 7.245656411025719, 8.556278638692731, 13.873140582309436, 13.014686986184316, 99999999.0, 14.877899279728977, 6.578771435479149, 10.497505516587982, 10.53409655222497, 7.695690769194722, 6.854725774929637, 12.463413064637976, 11.418059214914928, 9.863030316991285, 6.612613527248633, 9.413733277077537, 9.989752018214984, 8.527094687538636, 6.361819155199308, 6.9019251127022905, 7.1095742009331, 11.131421556960497, 10.010341566832166, 7.37094582084405, 10.877669697545638, 12.830732346643355, 14.691289925501954, 12.82180610496911], [5.151956925671901, 7.321374962895922, 8.409485751687637, 8.315279971782157, 9.824338544771974, 11.0702580643047, 14.877899279728977, 99999999.0, 12.455325771207875, 5.137442675478839, 13.720739505636866, 13.051716969286078, 5.118595262447028, 13.163688449111026, 13.627683204827605, 8.369298147498501, 14.512915977327784, 5.730001437801305, 12.142415172717802, 8.360885207639047, 11.311997404895669, 9.000641602503832, 10.069416349828469, 11.699648963563867, 12.198891068452761, 5.7422411023002375, 9.125155372959018, 9.638168741636688, 10.393729252950537, 10.815087368340748], [11.260209447873368, 5.60474751537548, 10.179393319378713, 12.286798295380269, 5.308028940560623, 10.19533219565132, 6.578771435479149, 12.455325771207875, 99999999.0, 9.099860461652012, 5.3977320326787614, 14.993120873622683, 9.515983256068422, 9.099524994971325, 10.017141784496264, 13.566093287695466, 11.78141349156895, 11.882422438255784, 7.245800187873732, 7.095891070056256, 14.828573179376166, 5.902275855591342, 5.797543897563921, 7.306596952815361, 10.103021544408183, 11.52664912253379, 13.13408941267993, 5.1221172196542195, 12.513692083190897, 8.100663901979432], [12.386941172980173, 12.430751587277346, 13.338561424939595, 5.61950773747781, 7.7990465668005555, 14.06615615008264, 10.497505516587982, 5.137442675478839, 9.099860461652012, 99999999.0, 10.058827557568872, 6.684742562012067, 14.946232413488401, 11.09417257903833, 12.589850167711681, 6.444326107706109, 7.7302627276166245, 6.798853755203449, 9.114102598915554, 6.367545446653061, 9.822521903586491, 14.016984314269727, 8.736786536094154, 14.514406722743441, 6.879186369337726, 14.261272854579781, 5.238240655801225, 14.248203394281429, 12.576574357970529, 14.344852779372184], [9.527232675877645, 5.285323362882773, 6.257957048097186, 7.919071434106276, 8.120643853418308, 10.930288587510118, 10.53409655222497, 13.720739505636866, 5.3977320326787614, 10.058827557568872, 99999999.0, 5.785474890930267, 9.84638165178487, 7.474254813757083, 9.920362917186221, 12.290990286298966, 10.12528803169342, 11.180100910513303, 7.4364417553793905, 12.582482302826206, 13.401662446438362, 14.113874478055575, 11.57608735365643, 10.703543494956898, 5.253645290605475, 7.870667259314209, 13.223874237624525, 7.026628963279023, 8.183087972992364, 8.53641765343254], [12.362508157124596, 5.0507667376346, 8.391161603469243, 13.600447988671059, 7.05524597022973, 11.009404510940076, 7.695690769194722, 13.051716969286078, 14.993120873622683, 6.684742562012067, 5.785474890930267, 99999999.0, 10.583759981392031, 11.855810049176288, 7.137309325119359, 11.869409111631066, 5.326590683316887, 8.345242356726104, 9.03382053365284, 6.8206370352152685, 5.736464874940755, 5.920694212562722, 13.402686589678973, 13.219088716826269, 6.712075355103924, 9.692902658304622, 11.91401071380606, 11.551787601684634, 5.851856705759855, 8.478766308157676], [5.0262233451839124, 8.176242012402435, 12.906379938809977, 11.883356918231193, 11.552217137677573, 8.275341339926594, 6.854725774929637, 5.118595262447028, 9.515983256068422, 14.946232413488401, 9.84638165178487, 10.583759981392031, 99999999.0, 7.9740679728017945, 11.37398777613625, 5.595157957452691, 13.227330153040791, 14.19242871501568, 7.085223737843749, 12.408667750095317, 10.784094353846449, 5.549212214317215, 5.949623636389127, 6.412684150696162, 11.992603345185872, 10.157784904920927, 5.6108960756107, 11.785165113343005, 9.259626426437244, 7.31162943131883], [6.65980382402897, 5.1211297337277095, 6.541901822329123, 7.941635644209818, 10.653286282024457, 11.377027620358083, 12.463413064637976, 13.163688449111026, 9.099524994971325, 11.09417257903833, 7.474254813757083, 11.855810049176288, 7.9740679728017945, 99999999.0, 6.976157677483662, 6.234403242370448, 10.399972800356066, 8.070203623943735, 9.58706108341239, 12.441495645100769, 5.502351199357248, 10.206053839060846, 10.17239518799135, 12.173160396701876, 6.904690912503386, 12.005372436738359, 13.684971611698245, 13.544145522541251, 12.35676177637864, 6.577500328875793], [5.311086848677782, 7.013061295687454, 9.911036820639541, 5.723701722583848, 8.953566879325765, 6.5362603097823, 11.418059214914928, 13.627683204827605, 10.017141784496264, 12.589850167711681, 9.920362917186221, 7.137309325119359, 11.37398777613625, 6.976157677483662, 99999999.0, 13.708292377194422, 9.275027972702954, 5.452506506742227, 6.586312462799196, 14.788537757908221, 12.35674947888009, 12.553525807528647, 14.052905476555477, 8.83379393643666, 12.515409617960557, 11.217977121384013, 13.073003060180783, 5.078774642328528, 14.34600296086363, 7.117563845276344], [13.630023080592244, 12.553982208220658, 14.365952134056222, 5.573503821906494, 6.591626119142585, 13.382816381671203, 9.863030316991285, 8.369298147498501, 13.566093287695466, 6.444326107706109, 12.290990286298966, 11.869409111631066, 5.595157957452691, 6.234403242370448, 13.708292377194422, 99999999.0, 8.835752996792621, 5.778842435436432, 14.040617760833488, 12.930435614473609, 6.5630043344939, 7.101279968777704, 13.816151131663194, 11.747027570092119, 9.699561151128133, 10.288771709804237, 5.815129731801615, 7.667588215307079, 12.702285268312473, 7.136968153020396], [9.95825612606227, 12.673704178691436, 10.72729683201203, 6.939685576593893, 10.315570343173313, 6.5059327528180635, 6.612613527248633, 14.512915977327784, 11.78141349156895, 7.7302627276166245, 10.12528803169342, 5.326590683316887, 13.227330153040791, 10.399972800356066, 9.275027972702954, 8.835752996792621, 99999999.0, 14.823698159765456, 5.006389851889588, 14.36925239894854, 6.634304419154628, 14.056434966334182, 6.420801522219434, 9.659860190657634, 5.831264801767089, 12.046857811014481, 14.097300825262256, 14.863435227108825, 11.930366731287364, 7.36249677171528], [11.317554631260396, 8.090850763311142, 10.953801556682283, 6.442476981645914, 14.23393531814783, 5.087931795551846, 9.413733277077537, 5.730001437801305, 11.882422438255784, 6.798853755203449, 11.180100910513303, 8.345242356726104, 14.19242871501568, 8.070203623943735, 5.452506506742227, 5.778842435436432, 14.823698159765456, 99999999.0, 11.165191415433462, 14.007987212441348, 11.432707861115677, 13.258787094076126, 12.073996779351956, 11.264809862558552, 8.051566591525267, 7.4714485725197886, 13.369530555164102, 9.669964908580699, 8.721233610611897, 13.958385813884869], [9.509859267119808, 11.625325932666566, 10.779367770317398, 10.988630342312634, 6.0443994910054775, 14.189189843840973, 9.989752018214984, 12.142415172717802, 7.245800187873732, 9.114102598915554, 7.4364417553793905, 9.03382053365284, 7.085223737843749, 9.58706108341239, 6.586312462799196, 14.040617760833488, 5.006389851889588, 11.165191415433462, 99999999.0, 5.144504593184172, 5.825935101819569, 8.941824219001585, 12.496404994907788, 8.183903152817027, 9.050971516861146, 11.382658804419805, 6.011958912683922, 14.306751482092853, 8.37291875813406, 13.281598102808376], [9.504653299688382, 6.9732058457024735, 14.551014716889888, 8.760327645155808, 11.137296495206888, 6.991788095439691, 8.527094687538636, 8.360885207639047, 7.095891070056256, 6.367545446653061, 12.582482302826206, 6.8206370352152685, 12.408667750095317, 12.441495645100769, 14.788537757908221, 12.930435614473609, 14.36925239894854, 14.007987212441348, 5.144504593184172, 99999999.0, 14.004923474480368, 14.950430653791654, 14.311451187869316, 9.747963376302454, 6.731994060988471, 9.430637504790056, 7.867045010842176, 10.776032182282213, 6.849212117334527, 5.6103670979142635], [13.40912802315981, 11.522634955274977, 13.137980122653572, 10.70023430619317, 12.599259496084104, 9.04169278984357, 6.361819155199308, 11.311997404895669, 14.828573179376166, 9.822521903586491, 13.401662446438362, 5.736464874940755, 10.784094353846449, 5.502351199357248, 12.35674947888009, 6.5630043344939, 6.634304419154628, 11.432707861115677, 5.825935101819569, 14.004923474480368, 99999999.0, 11.401861362556135, 6.464799192331462, 14.292304499339785, 6.0314734251352755, 10.447367211871832, 14.59237719344336, 7.33052895677028, 11.462377579892484, 12.540164570685608], [6.947991047727977, 6.504894387081329, 5.514228873816051, 6.374961220497397, 10.341769269865377, 11.295464827886809, 6.9019251127022905, 9.000641602503832, 5.902275855591342, 14.016984314269727, 14.113874478055575, 5.920694212562722, 5.549212214317215, 10.206053839060846, 12.553525807528647, 7.101279968777704, 14.056434966334182, 13.258787094076126, 8.941824219001585, 14.950430653791654, 11.401861362556135, 99999999.0, 14.237429217927614, 5.919152952306219, 11.406558642638647, 6.2245740447733855, 10.33395192289805, 7.2135237507072, 10.300820379271087, 14.707762078588999], [7.8969356054836615, 13.997037955084933, 6.906249954130693, 13.212788254891862, 5.777187005759078, 13.213779087525927, 7.1095742009331, 10.069416349828469, 5.797543897563921, 8.736786536094154, 11.57608735365643, 13.402686589678973, 5.949623636389127, 10.17239518799135, 14.052905476555477, 13.816151131663194, 6.420801522219434, 12.073996779351956, 12.496404994907788, 14.311451187869316, 6.464799192331462, 14.237429217927614, 99999999.0, 6.210844217987299, 13.408385896582054, 11.429666053706088, 12.140270710623014, 6.731990364952447, 6.022056794277102, 13.93001061240331], [10.766404540382167, 12.21835156785561, 14.888105925963345, 11.688237465143349, 11.171248692534316, 7.337821599308763, 11.131421556960497, 11.699648963563867, 7.306596952815361, 14.514406722743441, 10.703543494956898, 13.219088716826269, 6.412684150696162, 12.173160396701876, 8.83379393643666, 11.747027570092119, 9.659860190657634, 11.264809862558552, 8.183903152817027, 9.747963376302454, 14.292304499339785, 5.919152952306219, 6.210844217987299, 99999999.0, 10.469883344078571, 9.957458013755797, 5.412229092057764, 12.471057320369338, 5.763473242684027, 11.194731533186205], [6.138098261531836, 13.386970796668127, 13.703560901967572, 13.450867019846491, 6.038743899111182, 9.05347752710729, 10.010341566832166, 12.198891068452761, 10.103021544408183, 6.879186369337726, 5.253645290605475, 6.712075355103924, 11.992603345185872, 6.904690912503386, 12.515409617960557, 9.699561151128133, 5.831264801767089, 8.051566591525267, 9.050971516861146, 6.731994060988471, 6.0314734251352755, 11.406558642638647, 13.408385896582054, 10.469883344078571, 99999999.0, 8.274279006665118, 12.238738879805462, 7.408659836098563, 7.521851095574208, 11.566111355640654], [9.236625889558278, 5.410578012613626, 10.134272490231316, 6.441413930921121, 5.105936444449628, 6.379014038661051, 7.37094582084405, 5.7422411023002375, 11.52664912253379, 14.261272854579781, 7.870667259314209, 9.692902658304622, 10.157784904920927, 12.005372436738359, 11.217977121384013, 10.288771709804237, 12.046857811014481, 7.4714485725197886, 11.382658804419805, 9.430637504790056, 10.447367211871832, 6.2245740447733855, 11.429666053706088, 9.957458013755797, 8.274279006665118, 99999999.0, 14.894640544144531, 10.761413150227005, 8.601434219660426, 13.025937178098646], [11.824249275004796, 9.85301724228664, 8.19280710653529, 5.131787702078549, 14.930684365492416, 10.019734076892668, 10.877669697545638, 9.125155372959018, 13.13408941267993, 5.238240655801225, 13.223874237624525, 11.91401071380606, 5.6108960756107, 13.684971611698245, 13.073003060180783, 5.815129731801615, 14.097300825262256, 13.369530555164102, 6.011958912683922, 7.867045010842176, 14.59237719344336, 10.33395192289805, 12.140270710623014, 5.412229092057764, 12.238738879805462, 14.894640544144531, 99999999.0, 12.086878115608254, 13.97210766416027, 9.441182081897718], [13.96475343605329, 9.020116052426953, 6.332552073078804, 9.140099281191251, 8.463853677328984, 12.25432469652068, 12.830732346643355, 9.638168741636688, 5.1221172196542195, 14.248203394281429, 7.026628963279023, 11.551787601684634, 11.785165113343005, 13.544145522541251, 5.078774642328528, 7.667588215307079, 14.863435227108825, 9.669964908580699, 14.306751482092853, 10.776032182282213, 7.33052895677028, 7.2135237507072, 6.731990364952447, 12.471057320369338, 7.408659836098563, 10.761413150227005, 12.086878115608254, 99999999.0, 10.113831003703485, 11.295290679184655], [13.891773876546697, 6.081163360499197, 7.445379232446458, 10.90447850828065, 11.94228154764526, 8.008714316004562, 14.691289925501954, 10.393729252950537, 12.513692083190897, 12.576574357970529, 8.183087972992364, 5.851856705759855, 9.259626426437244, 12.35676177637864, 14.34600296086363, 12.702285268312473, 11.930366731287364, 8.721233610611897, 8.37291875813406, 6.849212117334527, 11.462377579892484, 10.300820379271087, 6.022056794277102, 5.763473242684027, 7.521851095574208, 8.601434219660426, 13.97210766416027, 10.113831003703485, 99999999.0, 6.359459580042474], [9.94477810379627, 9.435123335400066, 12.693851817242763, 12.053494668233839, 6.306647227307307, 10.521075006115566, 12.82180610496911, 10.815087368340748, 8.100663901979432, 14.344852779372184, 8.53641765343254, 8.478766308157676, 7.31162943131883, 6.577500328875793, 7.117563845276344, 7.136968153020396, 7.36249677171528, 13.958385813884869, 13.281598102808376, 5.6103670979142635, 12.540164570685608, 14.707762078588999, 13.93001061240331, 11.194731533186205, 11.566111355640654, 13.025937178098646, 9.441182081897718, 11.295290679184655, 6.359459580042474, 99999999.0]];
