M = 99999999.0;
numWorkers = 25;
numRoles = 4;
numNodes = 30;
wStart = [0, 142.8563305737854, 209.1062352910756, 183.65131265462907, 389.3225427779415, 238.92047635686288, 163.36042083837845, 226.26881948141008, 0.673462740539451, 95.46171044861168, 301.940926526732, 70.6987730594374, 410.1631221600888, 286.9325046164552, 106.34600240599458, 22.156770395697404, 379.14199246074475, 382.95223039712005, 340.46478145763643, 111.17823265725795, 244.869604577749, 142.8494069036711, 362.99953983217097, 386.6569861930307, 333.30414190906725, 366.45384862482894, 380.32681378898684, 110.78738440151098, 285.92416042877915, 0];
wEnd = [0, 171.47764501156016, 247.63066293945323, 212.1008647577879, 421.70022714856066, 271.62398416886623, 191.07597975656566, 259.3499524822571, 28.712959467525263, 132.79301992546897, 330.2352118188108, 101.54517726333805, 448.67525731380215, 318.2433684193654, 135.1120972709657, 47.279537885746066, 418.3837895316204, 419.7093587169758, 378.52636474921593, 141.57590393137968, 282.15243341615246, 181.3258155375405, 388.77115884241215, 414.4343191285287, 361.3397342037938, 397.4128835902833, 408.3327379824486, 140.0963552577374, 323.7147203397283, 450];
p = [0, 16.19723338808639, 21.16653257760072, 8.665032439696025, 16.293726632460494, 18.190177136088813, 12.307219984329617, 12.622743911690963, 15.008268078236139, 9.632122682626015, 7.673345955284692, 17.640821529074888, 21.405033092805958, 17.90852788152207, 10.836784160671188, 14.337944295187022, 13.54703527494227, 12.641223225774995, 15.653391215175155, 16.462573517851155, 11.60775543047272, 17.34205450199764, 13.390817409257787, 12.670117721926871, 18.06781345356331, 16.70824883078966, 10.012232283883815, 16.698458433439395, 24.438045235622063, 0];
e = [[1, 0, 1, 0], [1, 0, 1, 0], [0, 1, 1, 0], [0, 1, 0, 1], [1, 0, 1, 0], [0, 1, 0, 1], [1, 1, 0, 0], [0, 1, 0, 1], [0, 1, 0, 1], [1, 0, 1, 0], [1, 0, 1, 0], [0, 0, 1, 1], [1, 0, 0, 1], [0, 0, 1, 1], [1, 0, 0, 1], [0, 1, 0, 0], [0, 0, 1, 0], [1, 0, 0, 0], [1, 0, 0, 0], [0, 0, 1, 0], [0, 0, 0, 1], [0, 1, 0, 0], [0, 1, 0, 0], [0, 1, 0, 0], [0, 0, 0, 1]];
d = [[2, 0, 0, 0, 4, 0, 1, 2, 0, 2, 3, 0, 0, 0, 0, 4, 3, 2, 1, 2, 1, 4, 4, 1, 2, 3, 2, 1], [1, 2, 2, 3, 0, 3, 4, 0, 2, 1, 2, 1, 3, 1, 0, 1, 1, 1, 1, 0, 3, 1, 0, 0, 2, 0, 1, 1], [0, 1, 1, 2, 2, 2, 0, 1, 2, 2, 0, 3, 2, 1, 0, 0, 3, 0, 0, 0, 1, 1, 1, 2, 1, 2, 0, 2], [5, 2, 0, 1, 1, 1, 0, 2, 0, 2, 3, 1, 1, 2, 4, 0, 1, 3, 1, 1, 2, 2, 1, 1, 2, 1, 0, 3]];
r = [86.88245912339681, 147.41754548543764, 194.2838091345908, 198.51002320298838, 88.24804952994191, 181.43276281513852, 50.602571050793735, 136.73242324163792, 111.15948959097376, 80.05651155305458, 189.70485892022515, 72.03266417841013, 112.89763954610746, 147.93031605426552, 128.34808856231842, 196.81272518660828, 108.25917983885186, 146.81092724018453, 93.18421468815956, 152.0306363232764, 135.3197759291656, 114.40386617671547, 103.38046434726995, 197.18416784650464, 100.00822308794463, 194.3618091007091, 53.07521389629793, 156.02550395855752];
b = [[[0.0, 0.0, 0.0, 0.0, 0.0, 0.0, 0.0, 0.0, 0.0, 0.0, 0.0, 0.0, 0.0, 0.0, 0.0, 0.0, 0.0, 0.0, 0.0, 0.0, 0.0, 0.0, 0.0, 0.0, 0.0, 0.0, 0.0, 0.0], [0.0, 0.0, 0.0, 0.0, 0.0, 0.0, 0.0, 0.0, 0.0, 0.0, 0.0, 0.0, 0.0, 0.0, 0.0, 0.0, 0.0, 0.0, 0.0, 0.0, 0.0, 0.0, 0.0, 0.0, 0.0, 0.0, 0.0, 0.0], [0.0, 0.0, 0.0, 0.0, 0.0, 0.0, 0.0, 0.0, 0.0, 0.0, 0.0, 0.0, 0.0, 0.0, 0.0, 0.0, 0.0, 0.0, 0.0, 0.0, 0.0, 0.0, 0.0, 0.0, 0.0, 0.0, 0.0, 0.0], [0.0, 0.0, 0.0, 0.0, 0.0, 0.0, 0.0, 0.0, 0.0, 0.0, 0.0, 0.0, 0.0, 0.0, 0.0, 0.0, 0.0, 0.0, 0.0, 0.0, 0.0, 0.0, 0.0, 0.0, 0.0, 0.0, 0.0, 0.0]], [[0.0, 0.0, 0.0, 0.0, 0.0, 0.0, 0.0, 0.0, 0.0, 0.0, 0.0, 0.0, 0.0, 0.0, 0.0, 0.0, 0.0, 0.0, 0.0, 0.0, 0.0, 0.0, 0.0, 0.0, 0.0, 0.0, 0.0, 0.0], [0.0, 0.0, 0.0, 0.0, 0.0, 0.0, 0.0, 0.0, 0.0, 0.0, 0.0, 0.0, 0.0, 0.0, 0.0, 0.0, 0.0, 0.0, 0.0, 0.0, 0.0, 0.0, 0.0, 0.0, 0.0, 0.0, 0.0, 0.0], [0.0, 0.0, 0.0, 0.0, 0.0, 0.0, 0.0, 0.0, 0.0, 0.0, 0.0, 0.0, 0.0, 0.0, 0.0, 0.0, 0.0, 0.0, 0.0, 0.0, 0.0, 0.0, 0.0, 0.0, 0.0, 0.0, 0.0, 0.0], [0.0, 0.0, 0.0, 0.0, 0.0, 0.0, 0.0, 0.0, 0.0, 0.0, 0.0, 0.0, 0.0, 0.0, 0.0, 0.0, 0.0, 0.0, 0.0, 0.0, 0.0, 0.0, 0.0, 0.0, 0.0, 0.0, 0.0, 0.0]], [[0.0, 0.0, 0.0, 0.0, 0.0, 0.0, 0.0, 0.0, 0.0, 0.0, 0.0, 0.0, 0.0, 0.0, 0.0, 0.0, 0.0, 0.0, 0.0, 0.0, 0.0, 0.0, 0.0, 0.0, 0.0, 0.0, 0.0, 0.0], [0.0, 0.0, 0.0, 0.0, 0.0, 0.0, 0.0, 0.0, 0.0, 0.0, 0.0, 0.0, 0.0, 0.0, 0.0, 0.0, 0.0, 0.0, 0.0, 0.0, 0.0, 0.0, 0.0, 0.0, 0.0, 0.0, 0.0, 0.0], [0.0, 0.0, 0.0, 0.0, 0.0, 0.0, 0.0, 0.0, 0.0, 0.0, 0.0, 0.0, 0.0, 0.0, 0.0, 0.0, 0.0, 0.0, 0.0, 0.0, 0.0, 0.0, 0.0, 0.0, 0.0, 0.0, 0.0, 0.0], [0.0, 0.0, 0.0, 0.0, 0.0, 0.0, 0.0, 0.0, 0.0, 0.0, 0.0, 0.0, 0.0, 0.0, 0.0, 0.0, 0.0, 0.0, 0.0, 0.0, 0.0, 0.0, 0.0, 0.0, 0.0, 0.0, 0.0, 0.0]], [[0.0, 0.0, 0.0, 0.0, 0.0, 0.0, 0.0, 0.0, 0.0, 0.0, 0.0, 0.0, 0.0, 0.0, 0.0, 0.0, 0.0, 0.0, 0.0, 0.0, 0.0, 0.0, 0.0, 0.0, 0.0, 0.0, 0.0, 0.0], [0.0, 0.0, 0.0, 0.0, 0.0, 0.0, 0.0, 0.0, 0.0, 0.0, 0.0, 0.0, 0.0, 0.0, 0.0, 0.0, 0.0, 0.0, 0.0, 0.0, 0.0, 0.0, 0.0, 0.0, 0.0, 0.0, 0.0, 0.0], [0.0, 0.0, 0.0, 0.0, 0.0, 0.0, 0.0, 0.0, 0.0, 0.0, 0.0, 0.0, 0.0, 0.0, 0.0, 0.0, 0.0, 0.0, 0.0, 0.0, 0.0, 0.0, 0.0, 0.0, 0.0, 0.0, 0.0, 0.0], [0.0, 0.0, 0.0, 0.0, 0.0, 0.0, 0.0, 0.0, 0.0, 0.0, 0.0, 0.0, 0.0, 0.0, 0.0, 0.0, 0.0, 0.0, 0.0, 0.0, 0.0, 0.0, 0.0, 0.0, 0.0, 0.0, 0.0, 0.0]], [[0.0, 0.0, 0.0, 0.0, 0.0, 0.0, 0.0, 0.0, 0.0, 0.0, 0.0, 0.0, 0.0, 0.0, 0.0, 0.0, 0.0, 0.0, 0.0, 0.0, 0.0, 0.0, 0.0, 0.0, 0.0, 0.0, 0.0, 0.0], [0.0, 0.0, 0.0, 0.0, 0.0, 0.0, 0.0, 0.0, 0.0, 0.0, 0.0, 0.0, 0.0, 0.0, 0.0, 0.0, 0.0, 0.0, 0.0, 0.0, 0.0, 0.0, 0.0, 0.0, 0.0, 0.0, 0.0, 0.0], [0.0, 0.0, 0.0, 0.0, 0.0, 0.0, 0.0, 0.0, 0.0, 0.0, 0.0, 0.0, 0.0, 0.0, 0.0, 0.0, 0.0, 0.0, 0.0, 0.0, 0.0, 0.0, 0.0, 0.0, 0.0, 0.0, 0.0, 0.0], [0.0, 0.0, 0.0, 0.0, 0.0, 0.0, 0.0, 0.0, 0.0, 0.0, 0.0, 0.0, 0.0, 0.0, 0.0, 0.0, 0.0, 0.0, 0.0, 0.0, 0.0, 0.0, 0.0, 0.0, 0.0, 0.0, 0.0, 0.0]], [[0.0, 0.0, 0.0, 0.0, 0.0, 0.0, 0.0, 0.0, 0.0, 0.0, 0.0, 0.0, 0.0, 0.0, 0.0, 0.0, 0.0, 0.0, 0.0, 0.0, 0.0, 0.0, 0.0, 0.0, 0.0, 0.0, 0.0, 0.0], [0.0, 0.0, 0.0, 0.0, 0.0, 0.0, 0.0, 0.0, 0.0, 0.0, 0.0, 0.0, 0.0, 0.0, 0.0, 0.0, 0.0, 0.0, 0.0, 0.0, 0.0, 0.0, 0.0, 0.0, 0.0, 0.0, 0.0, 0.0], [0.0, 0.0, 0.0, 0.0, 0.0, 0.0, 0.0, 0.0, 0.0, 0.0, 0.0, 0.0, 0.0, 0.0, 0.0, 0.0, 0.0, 0.0, 0.0, 0.0, 0.0, 0.0, 0.0, 0.0, 0.0, 0.0, 0.0, 0.0], [0.0, 0.0, 0.0, 0.0, 0.0, 0.0, 0.0, 0.0, 0.0, 0.0, 0.0, 0.0, 0.0, 0.0, 0.0, 0.0, 0.0, 0.0, 0.0, 0.0, 0.0, 0.0, 0.0, 0.0, 0.0, 0.0, 0.0, 0.0]], [[0.0, 0.0, 0.0, 0.0, 0.0, 0.0, 0.0, 0.0, 0.0, 0.0, 0.0, 0.0, 0.0, 0.0, 0.0, 0.0, 0.0, 0.0, 0.0, 0.0, 0.0, 0.0, 0.0, 0.0, 0.0, 0.0, 0.0, 0.0], [0.0, 0.0, 0.0, 0.0, 0.0, 0.0, 0.0, 0.0, 0.0, 0.0, 0.0, 0.0, 0.0, 0.0, 0.0, 0.0, 0.0, 0.0, 0.0, 0.0, 0.0, 0.0, 0.0, 0.0, 0.0, 0.0, 0.0, 0.0], [0.0, 0.0, 0.0, 0.0, 0.0, 0.0, 0.0, 0.0, 0.0, 0.0, 0.0, 0.0, 0.0, 0.0, 0.0, 0.0, 0.0, 0.0, 0.0, 0.0, 0.0, 0.0, 0.0, 0.0, 0.0, 0.0, 0.0, 0.0], [0.0, 0.0, 0.0, 0.0, 0.0, 0.0, 0.0, 0.0, 0.0, 0.0, 0.0, 0.0, 0.0, 0.0, 0.0, 0.0, 0.0, 0.0, 0.0, 0.0, 0.0, 0.0, 0.0, 0.0, 0.0, 0.0, 0.0, 0.0]], [[0.0, 0.0, 0.0, 0.0, 0.0, 0.0, 0.0, 0.0, 0.0, 0.0, 0.0, 0.0, 0.0, 0.0, 0.0, 0.0, 0.0, 0.0, 0.0, 0.0, 0.0, 0.0, 0.0, 0.0, 0.0, 0.0, 0.0, 0.0], [0.0, 0.0, 0.0, 0.0, 0.0, 0.0, 0.0, 0.0, 0.0, 0.0, 0.0, 0.0, 0.0, 0.0, 0.0, 0.0, 0.0, 0.0, 0.0, 0.0, 0.0, 0.0, 0.0, 0.0, 0.0, 0.0, 0.0, 0.0], [0.0, 0.0, 0.0, 0.0, 0.0, 0.0, 0.0, 0.0, 0.0, 0.0, 0.0, 0.0, 0.0, 0.0, 0.0, 0.0, 0.0, 0.0, 0.0, 0.0, 0.0, 0.0, 0.0, 0.0, 0.0, 0.0, 0.0, 0.0], [0.0, 0.0, 0.0, 0.0, 0.0, 0.0, 0.0, 0.0, 0.0, 0.0, 0.0, 0.0, 0.0, 0.0, 0.0, 0.0, 0.0, 0.0, 0.0, 0.0, 0.0, 0.0, 0.0, 0.0, 0.0, 0.0, 0.0, 0.0]], [[0.0, 0.0, 0.0, 0.0, 0.0, 0.0, 0.0, 0.0, 0.0, 0.0, 0.0, 0.0, 0.0, 0.0, 0.0, 0.0, 0.0, 0.0, 0.0, 0.0, 0.0, 0.0, 0.0, 0.0, 0.0, 0.0, 0.0, 0.0], [0.0, 0.0, 0.0, 0.0, 0.0, 0.0, 0.0, 0.0, 0.0, 0.0, 0.0, 0.0, 0.0, 0.0, 0.0, 0.0, 0.0, 0.0, 0.0, 0.0, 0.0, 0.0, 0.0, 0.0, 0.0, 0.0, 0.0, 0.0], [0.0, 0.0, 0.0, 0.0, 0.0, 0.0, 0.0, 0.0, 0.0, 0.0, 0.0, 0.0, 0.0, 0.0, 0.0, 0.0, 0.0, 0.0, 0.0, 0.0, 0.0, 0.0, 0.0, 0.0, 0.0, 0.0, 0.0, 0.0], [0.0, 0.0, 0.0, 0.0, 0.0, 0.0, 0.0, 0.0, 0.0, 0.0, 0.0, 0.0, 0.0, 0.0, 0.0, 0.0, 0.0, 0.0, 0.0, 0.0, 0.0, 0.0, 0.0, 0.0, 0.0, 0.0, 0.0, 0.0]], [[0.0, 0.0, 0.0, 0.0, 0.0, 0.0, 0.0, 0.0, 0.0, 0.0, 0.0, 0.0, 0.0, 0.0, 0.0, 0.0, 0.0, 0.0, 0.0, 0.0, 0.0, 0.0, 0.0, 0.0, 0.0, 0.0, 0.0, 0.0], [0.0, 0.0, 0.0, 0.0, 0.0, 0.0, 0.0, 0.0, 0.0, 0.0, 0.0, 0.0, 0.0, 0.0, 0.0, 0.0, 0.0, 0.0, 0.0, 0.0, 0.0, 0.0, 0.0, 0.0, 0.0, 0.0, 0.0, 0.0], [0.0, 0.0, 0.0, 0.0, 0.0, 0.0, 0.0, 0.0, 0.0, 0.0, 0.0, 0.0, 0.0, 0.0, 0.0, 0.0, 0.0, 0.0, 0.0, 0.0, 0.0, 0.0, 0.0, 0.0, 0.0, 0.0, 0.0, 0.0], [0.0, 0.0, 0.0, 0.0, 0.0, 0.0, 0.0, 0.0, 0.0, 0.0, 0.0, 0.0, 0.0, 0.0, 0.0, 0.0, 0.0, 0.0, 0.0, 0.0, 0.0, 0.0, 0.0, 0.0, 0.0, 0.0, 0.0, 0.0]], [[0.0, 0.0, 0.0, 0.0, 0.0, 0.0, 0.0, 0.0, 0.0, 0.0, 0.0, 0.0, 0.0, 0.0, 0.0, 0.0, 0.0, 0.0, 0.0, 0.0, 0.0, 0.0, 0.0, 0.0, 0.0, 0.0, 0.0, 0.0], [0.0, 0.0, 0.0, 0.0, 0.0, 0.0, 0.0, 0.0, 0.0, 0.0, 0.0, 0.0, 0.0, 0.0, 0.0, 0.0, 0.0, 0.0, 0.0, 0.0, 0.0, 0.0, 0.0, 0.0, 0.0, 0.0, 0.0, 0.0], [0.0, 0.0, 0.0, 0.0, 0.0, 0.0, 0.0, 0.0, 0.0, 0.0, 0.0, 0.0, 0.0, 0.0, 0.0, 0.0, 0.0, 0.0, 0.0, 0.0, 0.0, 0.0, 0.0, 0.0, 0.0, 0.0, 0.0, 0.0], [0.0, 0.0, 0.0, 0.0, 0.0, 0.0, 0.0, 0.0, 0.0, 0.0, 0.0, 0.0, 0.0, 0.0, 0.0, 0.0, 0.0, 0.0, 0.0, 0.0, 0.0, 0.0, 0.0, 0.0, 0.0, 0.0, 0.0, 0.0]], [[0.0, 0.0, 0.0, 0.0, 0.0, 0.0, 0.0, 0.0, 0.0, 0.0, 0.0, 0.0, 0.0, 0.0, 0.0, 0.0, 0.0, 0.0, 0.0, 0.0, 0.0, 0.0, 0.0, 0.0, 0.0, 0.0, 0.0, 0.0], [0.0, 0.0, 0.0, 0.0, 0.0, 0.0, 0.0, 0.0, 0.0, 0.0, 0.0, 0.0, 0.0, 0.0, 0.0, 0.0, 0.0, 0.0, 0.0, 0.0, 0.0, 0.0, 0.0, 0.0, 0.0, 0.0, 0.0, 0.0], [0.0, 0.0, 0.0, 0.0, 0.0, 0.0, 0.0, 0.0, 0.0, 0.0, 0.0, 0.0, 0.0, 0.0, 0.0, 0.0, 0.0, 0.0, 0.0, 0.0, 0.0, 0.0, 0.0, 0.0, 0.0, 0.0, 0.0, 0.0], [0.0, 0.0, 0.0, 0.0, 0.0, 0.0, 0.0, 0.0, 0.0, 0.0, 0.0, 0.0, 0.0, 0.0, 0.0, 0.0, 0.0, 0.0, 0.0, 0.0, 0.0, 0.0, 0.0, 0.0, 0.0, 0.0, 0.0, 0.0]], [[0.0, 0.0, 0.0, 0.0, 0.0, 0.0, 0.0, 0.0, 0.0, 0.0, 0.0, 0.0, 0.0, 0.0, 0.0, 0.0, 0.0, 0.0, 0.0, 0.0, 0.0, 0.0, 0.0, 0.0, 0.0, 0.0, 0.0, 0.0], [0.0, 0.0, 0.0, 0.0, 0.0, 0.0, 0.0, 0.0, 0.0, 0.0, 0.0, 0.0, 0.0, 0.0, 0.0, 0.0, 0.0, 0.0, 0.0, 0.0, 0.0, 0.0, 0.0, 0.0, 0.0, 0.0, 0.0, 0.0], [0.0, 0.0, 0.0, 0.0, 0.0, 0.0, 0.0, 0.0, 0.0, 0.0, 0.0, 0.0, 0.0, 0.0, 0.0, 0.0, 0.0, 0.0, 0.0, 0.0, 0.0, 0.0, 0.0, 0.0, 0.0, 0.0, 0.0, 0.0], [0.0, 0.0, 0.0, 0.0, 0.0, 0.0, 0.0, 0.0, 0.0, 0.0, 0.0, 0.0, 0.0, 0.0, 0.0, 0.0, 0.0, 0.0, 0.0, 0.0, 0.0, 0.0, 0.0, 0.0, 0.0, 0.0, 0.0, 0.0]], [[0.0, 0.0, 0.0, 0.0, 0.0, 0.0, 0.0, 0.0, 0.0, 0.0, 0.0, 0.0, 0.0, 0.0, 0.0, 0.0, 0.0, 0.0, 0.0, 0.0, 0.0, 0.0, 0.0, 0.0, 0.0, 0.0, 0.0, 0.0], [0.0, 0.0, 0.0, 0.0, 0.0, 0.0, 0.0, 0.0, 0.0, 0.0, 0.0, 0.0, 0.0, 0.0, 0.0, 0.0, 0.0, 0.0, 0.0, 0.0, 0.0, 0.0, 0.0, 0.0, 0.0, 0.0, 0.0, 0.0], [0.0, 0.0, 0.0, 0.0, 0.0, 0.0, 0.0, 0.0, 0.0, 0.0, 0.0, 0.0, 0.0, 0.0, 0.0, 0.0, 0.0, 0.0, 0.0, 0.0, 0.0, 0.0, 0.0, 0.0, 0.0, 0.0, 0.0, 0.0], [0.0, 0.0, 0.0, 0.0, 0.0, 0.0, 0.0, 0.0, 0.0, 0.0, 0.0, 0.0, 0.0, 0.0, 0.0, 0.0, 0.0, 0.0, 0.0, 0.0, 0.0, 0.0, 0.0, 0.0, 0.0, 0.0, 0.0, 0.0]], [[0.0, 0.0, 0.0, 0.0, 0.0, 0.0, 0.0, 0.0, 0.0, 0.0, 0.0, 0.0, 0.0, 0.0, 0.0, 0.0, 0.0, 0.0, 0.0, 0.0, 0.0, 0.0, 0.0, 0.0, 0.0, 0.0, 0.0, 0.0], [0.0, 0.0, 0.0, 0.0, 0.0, 0.0, 0.0, 0.0, 0.0, 0.0, 0.0, 0.0, 0.0, 0.0, 0.0, 0.0, 0.0, 0.0, 0.0, 0.0, 0.0, 0.0, 0.0, 0.0, 0.0, 0.0, 0.0, 0.0], [0.0, 0.0, 0.0, 0.0, 0.0, 0.0, 0.0, 0.0, 0.0, 0.0, 0.0, 0.0, 0.0, 0.0, 0.0, 0.0, 0.0, 0.0, 0.0, 0.0, 0.0, 0.0, 0.0, 0.0, 0.0, 0.0, 0.0, 0.0], [0.0, 0.0, 0.0, 0.0, 0.0, 0.0, 0.0, 0.0, 0.0, 0.0, 0.0, 0.0, 0.0, 0.0, 0.0, 0.0, 0.0, 0.0, 0.0, 0.0, 0.0, 0.0, 0.0, 0.0, 0.0, 0.0, 0.0, 0.0]], [[0.0, 0.0, 0.0, 0.0, 0.0, 0.0, 0.0, 0.0, 0.0, 0.0, 0.0, 0.0, 0.0, 0.0, 0.0, 0.0, 0.0, 0.0, 0.0, 0.0, 0.0, 0.0, 0.0, 0.0, 0.0, 0.0, 0.0, 0.0], [0.0, 0.0, 0.0, 0.0, 0.0, 0.0, 0.0, 0.0, 0.0, 0.0, 0.0, 0.0, 0.0, 0.0, 0.0, 0.0, 0.0, 0.0, 0.0, 0.0, 0.0, 0.0, 0.0, 0.0, 0.0, 0.0, 0.0, 0.0], [0.0, 0.0, 0.0, 0.0, 0.0, 0.0, 0.0, 0.0, 0.0, 0.0, 0.0, 0.0, 0.0, 0.0, 0.0, 0.0, 0.0, 0.0, 0.0, 0.0, 0.0, 0.0, 0.0, 0.0, 0.0, 0.0, 0.0, 0.0], [0.0, 0.0, 0.0, 0.0, 0.0, 0.0, 0.0, 0.0, 0.0, 0.0, 0.0, 0.0, 0.0, 0.0, 0.0, 0.0, 0.0, 0.0, 0.0, 0.0, 0.0, 0.0, 0.0, 0.0, 0.0, 0.0, 0.0, 0.0]], [[0.0, 0.0, 0.0, 0.0, 0.0, 0.0, 0.0, 0.0, 0.0, 0.0, 0.0, 0.0, 0.0, 0.0, 0.0, 0.0, 0.0, 0.0, 0.0, 0.0, 0.0, 0.0, 0.0, 0.0, 0.0, 0.0, 0.0, 0.0], [0.0, 0.0, 0.0, 0.0, 0.0, 0.0, 0.0, 0.0, 0.0, 0.0, 0.0, 0.0, 0.0, 0.0, 0.0, 0.0, 0.0, 0.0, 0.0, 0.0, 0.0, 0.0, 0.0, 0.0, 0.0, 0.0, 0.0, 0.0], [0.0, 0.0, 0.0, 0.0, 0.0, 0.0, 0.0, 0.0, 0.0, 0.0, 0.0, 0.0, 0.0, 0.0, 0.0, 0.0, 0.0, 0.0, 0.0, 0.0, 0.0, 0.0, 0.0, 0.0, 0.0, 0.0, 0.0, 0.0], [0.0, 0.0, 0.0, 0.0, 0.0, 0.0, 0.0, 0.0, 0.0, 0.0, 0.0, 0.0, 0.0, 0.0, 0.0, 0.0, 0.0, 0.0, 0.0, 0.0, 0.0, 0.0, 0.0, 0.0, 0.0, 0.0, 0.0, 0.0]], [[0.0, 0.0, 0.0, 0.0, 0.0, 0.0, 0.0, 0.0, 0.0, 0.0, 0.0, 0.0, 0.0, 0.0, 0.0, 0.0, 0.0, 0.0, 0.0, 0.0, 0.0, 0.0, 0.0, 0.0, 0.0, 0.0, 0.0, 0.0], [0.0, 0.0, 0.0, 0.0, 0.0, 0.0, 0.0, 0.0, 0.0, 0.0, 0.0, 0.0, 0.0, 0.0, 0.0, 0.0, 0.0, 0.0, 0.0, 0.0, 0.0, 0.0, 0.0, 0.0, 0.0, 0.0, 0.0, 0.0], [0.0, 0.0, 0.0, 0.0, 0.0, 0.0, 0.0, 0.0, 0.0, 0.0, 0.0, 0.0, 0.0, 0.0, 0.0, 0.0, 0.0, 0.0, 0.0, 0.0, 0.0, 0.0, 0.0, 0.0, 0.0, 0.0, 0.0, 0.0], [0.0, 0.0, 0.0, 0.0, 0.0, 0.0, 0.0, 0.0, 0.0, 0.0, 0.0, 0.0, 0.0, 0.0, 0.0, 0.0, 0.0, 0.0, 0.0, 0.0, 0.0, 0.0, 0.0, 0.0, 0.0, 0.0, 0.0, 0.0]], [[0.0, 0.0, 0.0, 0.0, 0.0, 0.0, 0.0, 0.0, 0.0, 0.0, 0.0, 0.0, 0.0, 0.0, 0.0, 0.0, 0.0, 0.0, 0.0, 0.0, 0.0, 0.0, 0.0, 0.0, 0.0, 0.0, 0.0, 0.0], [0.0, 0.0, 0.0, 0.0, 0.0, 0.0, 0.0, 0.0, 0.0, 0.0, 0.0, 0.0, 0.0, 0.0, 0.0, 0.0, 0.0, 0.0, 0.0, 0.0, 0.0, 0.0, 0.0, 0.0, 0.0, 0.0, 0.0, 0.0], [0.0, 0.0, 0.0, 0.0, 0.0, 0.0, 0.0, 0.0, 0.0, 0.0, 0.0, 0.0, 0.0, 0.0, 0.0, 0.0, 0.0, 0.0, 0.0, 0.0, 0.0, 0.0, 0.0, 0.0, 0.0, 0.0, 0.0, 0.0], [0.0, 0.0, 0.0, 0.0, 0.0, 0.0, 0.0, 0.0, 0.0, 0.0, 0.0, 0.0, 0.0, 0.0, 0.0, 0.0, 0.0, 0.0, 0.0, 0.0, 0.0, 0.0, 0.0, 0.0, 0.0, 0.0, 0.0, 0.0]], [[0.0, 0.0, 0.0, 0.0, 0.0, 0.0, 0.0, 0.0, 0.0, 0.0, 0.0, 0.0, 0.0, 0.0, 0.0, 0.0, 0.0, 0.0, 0.0, 0.0, 0.0, 0.0, 0.0, 0.0, 0.0, 0.0, 0.0, 0.0], [0.0, 0.0, 0.0, 0.0, 0.0, 0.0, 0.0, 0.0, 0.0, 0.0, 0.0, 0.0, 0.0, 0.0, 0.0, 0.0, 0.0, 0.0, 0.0, 0.0, 0.0, 0.0, 0.0, 0.0, 0.0, 0.0, 0.0, 0.0], [0.0, 0.0, 0.0, 0.0, 0.0, 0.0, 0.0, 0.0, 0.0, 0.0, 0.0, 0.0, 0.0, 0.0, 0.0, 0.0, 0.0, 0.0, 0.0, 0.0, 0.0, 0.0, 0.0, 0.0, 0.0, 0.0, 0.0, 0.0], [0.0, 0.0, 0.0, 0.0, 0.0, 0.0, 0.0, 0.0, 0.0, 0.0, 0.0, 0.0, 0.0, 0.0, 0.0, 0.0, 0.0, 0.0, 0.0, 0.0, 0.0, 0.0, 0.0, 0.0, 0.0, 0.0, 0.0, 0.0]], [[0.0, 0.0, 0.0, 0.0, 0.0, 0.0, 0.0, 0.0, 0.0, 0.0, 0.0, 0.0, 0.0, 0.0, 0.0, 0.0, 0.0, 0.0, 0.0, 0.0, 0.0, 0.0, 0.0, 0.0, 0.0, 0.0, 0.0, 0.0], [0.0, 0.0, 0.0, 0.0, 0.0, 0.0, 0.0, 0.0, 0.0, 0.0, 0.0, 0.0, 0.0, 0.0, 0.0, 0.0, 0.0, 0.0, 0.0, 0.0, 0.0, 0.0, 0.0, 0.0, 0.0, 0.0, 0.0, 0.0], [0.0, 0.0, 0.0, 0.0, 0.0, 0.0, 0.0, 0.0, 0.0, 0.0, 0.0, 0.0, 0.0, 0.0, 0.0, 0.0, 0.0, 0.0, 0.0, 0.0, 0.0, 0.0, 0.0, 0.0, 0.0, 0.0, 0.0, 0.0], [0.0, 0.0, 0.0, 0.0, 0.0, 0.0, 0.0, 0.0, 0.0, 0.0, 0.0, 0.0, 0.0, 0.0, 0.0, 0.0, 0.0, 0.0, 0.0, 0.0, 0.0, 0.0, 0.0, 0.0, 0.0, 0.0, 0.0, 0.0]], [[0.0, 0.0, 0.0, 0.0, 0.0, 0.0, 0.0, 0.0, 0.0, 0.0, 0.0, 0.0, 0.0, 0.0, 0.0, 0.0, 0.0, 0.0, 0.0, 0.0, 0.0, 0.0, 0.0, 0.0, 0.0, 0.0, 0.0, 0.0], [0.0, 0.0, 0.0, 0.0, 0.0, 0.0, 0.0, 0.0, 0.0, 0.0, 0.0, 0.0, 0.0, 0.0, 0.0, 0.0, 0.0, 0.0, 0.0, 0.0, 0.0, 0.0, 0.0, 0.0, 0.0, 0.0, 0.0, 0.0], [0.0, 0.0, 0.0, 0.0, 0.0, 0.0, 0.0, 0.0, 0.0, 0.0, 0.0, 0.0, 0.0, 0.0, 0.0, 0.0, 0.0, 0.0, 0.0, 0.0, 0.0, 0.0, 0.0, 0.0, 0.0, 0.0, 0.0, 0.0], [0.0, 0.0, 0.0, 0.0, 0.0, 0.0, 0.0, 0.0, 0.0, 0.0, 0.0, 0.0, 0.0, 0.0, 0.0, 0.0, 0.0, 0.0, 0.0, 0.0, 0.0, 0.0, 0.0, 0.0, 0.0, 0.0, 0.0, 0.0]], [[0.0, 0.0, 0.0, 0.0, 0.0, 0.0, 0.0, 0.0, 0.0, 0.0, 0.0, 0.0, 0.0, 0.0, 0.0, 0.0, 0.0, 0.0, 0.0, 0.0, 0.0, 0.0, 0.0, 0.0, 0.0, 0.0, 0.0, 0.0], [0.0, 0.0, 0.0, 0.0, 0.0, 0.0, 0.0, 0.0, 0.0, 0.0, 0.0, 0.0, 0.0, 0.0, 0.0, 0.0, 0.0, 0.0, 0.0, 0.0, 0.0, 0.0, 0.0, 0.0, 0.0, 0.0, 0.0, 0.0], [0.0, 0.0, 0.0, 0.0, 0.0, 0.0, 0.0, 0.0, 0.0, 0.0, 0.0, 0.0, 0.0, 0.0, 0.0, 0.0, 0.0, 0.0, 0.0, 0.0, 0.0, 0.0, 0.0, 0.0, 0.0, 0.0, 0.0, 0.0], [0.0, 0.0, 0.0, 0.0, 0.0, 0.0, 0.0, 0.0, 0.0, 0.0, 0.0, 0.0, 0.0, 0.0, 0.0, 0.0, 0.0, 0.0, 0.0, 0.0, 0.0, 0.0, 0.0, 0.0, 0.0, 0.0, 0.0, 0.0]], [[0.0, 0.0, 0.0, 0.0, 0.0, 0.0, 0.0, 0.0, 0.0, 0.0, 0.0, 0.0, 0.0, 0.0, 0.0, 0.0, 0.0, 0.0, 0.0, 0.0, 0.0, 0.0, 0.0, 0.0, 0.0, 0.0, 0.0, 0.0], [0.0, 0.0, 0.0, 0.0, 0.0, 0.0, 0.0, 0.0, 0.0, 0.0, 0.0, 0.0, 0.0, 0.0, 0.0, 0.0, 0.0, 0.0, 0.0, 0.0, 0.0, 0.0, 0.0, 0.0, 0.0, 0.0, 0.0, 0.0], [0.0, 0.0, 0.0, 0.0, 0.0, 0.0, 0.0, 0.0, 0.0, 0.0, 0.0, 0.0, 0.0, 0.0, 0.0, 0.0, 0.0, 0.0, 0.0, 0.0, 0.0, 0.0, 0.0, 0.0, 0.0, 0.0, 0.0, 0.0], [0.0, 0.0, 0.0, 0.0, 0.0, 0.0, 0.0, 0.0, 0.0, 0.0, 0.0, 0.0, 0.0, 0.0, 0.0, 0.0, 0.0, 0.0, 0.0, 0.0, 0.0, 0.0, 0.0, 0.0, 0.0, 0.0, 0.0, 0.0]], [[0.0, 0.0, 0.0, 0.0, 0.0, 0.0, 0.0, 0.0, 0.0, 0.0, 0.0, 0.0, 0.0, 0.0, 0.0, 0.0, 0.0, 0.0, 0.0, 0.0, 0.0, 0.0, 0.0, 0.0, 0.0, 0.0, 0.0, 0.0], [0.0, 0.0, 0.0, 0.0, 0.0, 0.0, 0.0, 0.0, 0.0, 0.0, 0.0, 0.0, 0.0, 0.0, 0.0, 0.0, 0.0, 0.0, 0.0, 0.0, 0.0, 0.0, 0.0, 0.0, 0.0, 0.0, 0.0, 0.0], [0.0, 0.0, 0.0, 0.0, 0.0, 0.0, 0.0, 0.0, 0.0, 0.0, 0.0, 0.0, 0.0, 0.0, 0.0, 0.0, 0.0, 0.0, 0.0, 0.0, 0.0, 0.0, 0.0, 0.0, 0.0, 0.0, 0.0, 0.0], [0.0, 0.0, 0.0, 0.0, 0.0, 0.0, 0.0, 0.0, 0.0, 0.0, 0.0, 0.0, 0.0, 0.0, 0.0, 0.0, 0.0, 0.0, 0.0, 0.0, 0.0, 0.0, 0.0, 0.0, 0.0, 0.0, 0.0, 0.0]]];
t = [[99999999.0, 7.356994824688945, 9.817176229840197, 14.147210145804392, 10.311219801675165, 14.707473936815363, 7.9231687314374994, 12.751853973393107, 11.60861004399977, 8.056274829871004, 6.588759471151101, 8.261125875954741, 10.298464875137121, 5.682812486280019, 14.603221827442384, 13.847941168995607, 10.734156780544508, 7.95978229160162, 11.579208325429331, 7.077128610569079, 14.945402298521294, 12.58532887417852, 7.326880302417481, 11.628382546289778, 5.443617730364902, 8.144949396822318, 7.565712610043419, 8.53838753775751, 11.424226384568613, 13.748045401209803], [7.356994824688945, 99999999.0, 10.566740029781437, 12.233322118579988, 9.545981897539749, 6.58297565125471, 9.137714629882609, 6.3783603024230615, 10.681401618181848, 14.605608268163614, 8.775214506700824, 14.437608826633776, 7.414432509451617, 8.925389198376, 7.393844581540241, 10.566396480321506, 13.418948161952592, 6.600807088243124, 6.901243138183622, 13.975303963636486, 12.297584955509409, 7.805144303066076, 7.630290781852831, 12.046504187962137, 5.6617026962019565, 8.060300945169484, 6.858995069577806, 10.277029898844638, 13.976953885658013, 5.645663469085934], [9.817176229840197, 10.566740029781437, 99999999.0, 7.59090766449526, 5.500101184680558, 14.245811924583613, 8.12918685072836, 11.436599099036968, 11.846867006666379, 8.989350238022707, 12.57524528325076, 8.41120586446159, 11.612823916246137, 13.309969703294842, 7.742006340377898, 12.481740762685316, 6.728491809821562, 7.089411934512889, 12.017777746324368, 11.955352386572587, 10.37265715022378, 5.8704392684956925, 8.785901368147192, 7.349545447527767, 6.384194649492335, 6.9968062322900435, 7.447938122189225, 10.78732275181274, 10.588017791538325, 9.9097060399736], [14.147210145804392, 12.233322118579988, 7.59090766449526, 99999999.0, 6.427878983311425, 6.023805394023509, 9.52929635252075, 14.653728912500192, 9.596300094740348, 12.111273745166244, 10.42936789313363, 11.051863393004556, 9.830932000615784, 5.828541461181934, 11.509878301733249, 5.420946063728286, 10.198737850848069, 7.9739152442468235, 6.276026765988908, 14.798838896359612, 12.913603269016985, 14.210327384552677, 5.976126129848225, 11.79592051771423, 6.669335225872924, 6.337547358886595, 7.491212226310862, 6.011119154003023, 14.14456932949615, 10.96561389531195], [10.311219801675165, 9.545981897539749, 5.500101184680558, 6.427878983311425, 99999999.0, 9.78651716646269, 7.451133543360805, 12.620308120874277, 10.700687293513239, 6.467060700219055, 12.532083652021809, 10.243305126882818, 7.043108455805138, 10.92433172952465, 8.10296370650503, 14.999037162159315, 8.108442856945056, 14.51642216155384, 10.692724515247374, 12.76211090630592, 11.442703080024167, 11.401717435667306, 7.681173839745936, 11.910373414356663, 7.003429635071394, 10.779309416114753, 13.550417960935414, 11.529624060626313, 11.646456160113942, 11.391967149496748], [14.707473936815363, 6.58297565125471, 14.245811924583613, 6.023805394023509, 9.78651716646269, 99999999.0, 5.245938333213253, 5.8172081761213255, 8.496858061064081, 7.701175417956523, 10.403408381968328, 5.452489592821504, 14.880992436986109, 5.107851064417758, 7.154875596575084, 7.306795851995887, 10.512683080050849, 13.128147444489459, 9.857557763770782, 8.810286758990031, 10.773217512252579, 12.77674684902614, 8.360800780682942, 11.47262510413423, 10.601589968120567, 5.675662051561618, 6.171827285750537, 6.1589206114030635, 6.993857011653139, 12.305068123700469], [7.9231687314374994, 9.137714629882609, 8.12918685072836, 9.52929635252075, 7.451133543360805, 5.245938333213253, 99999999.0, 14.929882388937937, 8.9883658343477, 12.021737938292976, 6.007274501909945, 11.716822480316605, 11.95523592521785, 9.420099107675508, 11.873812422956144, 14.35528896645922, 5.358275384639119, 8.16827253513149, 7.983493241711247, 9.947350453881587, 8.37853902767609, 12.516056866372601, 5.9267580770232255, 6.041477927426709, 5.549182016772259, 5.207344871378669, 5.43292085739674, 14.367057187711538, 11.874866172965252, 12.773261919205567], [12.751853973393107, 6.3783603024230615, 11.436599099036968, 14.653728912500192, 12.620308120874277, 5.8172081761213255, 14.929882388937937, 99999999.0, 6.005472363557751, 9.902221982716819, 6.731545438844746, 8.104147212333821, 7.219778549577529, 7.485785910870797, 5.7762593251329655, 7.365843639951009, 6.668996617034484, 11.866266894503598, 8.820296864264371, 11.195663346048866, 10.791862988503013, 7.760731451939218, 7.012186991545578, 13.594984988335815, 7.860337423302636, 12.24201102057707, 10.514273453302389, 5.626010043904452, 13.939040535746456, 11.247893697573563], [11.60861004399977, 10.681401618181848, 11.846867006666379, 9.596300094740348, 10.700687293513239, 8.496858061064081, 8.9883658343477, 6.005472363557751, 99999999.0, 13.520800973760746, 13.44831556240131, 8.501370550675308, 9.198613225506364, 10.83844232367758, 13.34903917774637, 8.59017261260819, 13.98581232236508, 9.276531441429823, 7.429498768044107, 14.248047715820013, 13.768956138437586, 14.26206654330903, 10.290129793533058, 14.540201616996821, 6.767321337240998, 14.603962047601081, 8.996948842966432, 7.022913010029543, 5.052918114331046, 8.313931517153765], [8.056274829871004, 14.605608268163614, 8.989350238022707, 12.111273745166244, 6.467060700219055, 7.701175417956523, 12.021737938292976, 9.902221982716819, 13.520800973760746, 99999999.0, 8.82149993497185, 14.078078398177581, 7.327493597719949, 7.863395718673827, 10.09004554578025, 12.84513706594377, 14.617514792548462, 14.139743078217219, 12.40694060089067, 10.11908468622891, 8.492262028277676, 13.665189265243617, 8.560613692095748, 9.600436655416944, 13.167625645187172, 10.955893156003622, 8.497416161558037, 9.135833110880048, 7.071165434678112, 13.133497410020494], [6.588759471151101, 8.775214506700824, 12.57524528325076, 10.42936789313363, 12.532083652021809, 10.403408381968328, 6.007274501909945, 6.731545438844746, 13.44831556240131, 8.82149993497185, 99999999.0, 14.387362069295397, 9.676435368920302, 12.439615180248312, 12.775059880462484, 10.844044456672115, 9.052951275965722, 11.383511720342863, 13.496027928357181, 9.88718613956339, 8.640047942245122, 13.11545100367127, 12.045773921981883, 9.297216589372667, 12.641250806325615, 7.608701712837633, 8.286974354040943, 10.964570023296533, 13.991861266694027, 10.075689787599682], [8.261125875954741, 14.437608826633776, 8.41120586446159, 11.051863393004556, 10.243305126882818, 5.452489592821504, 11.716822480316605, 8.104147212333821, 8.501370550675308, 14.078078398177581, 14.387362069295397, 99999999.0, 6.01176645293166, 12.228065518356559, 13.208422648350282, 14.442645126181063, 12.12386314507476, 13.34631032148522, 14.837921287674881, 7.178767880732378, 9.068128008727687, 12.416602488406717, 8.009648047153703, 13.411579834055614, 5.07600583251749, 8.44473384291, 9.503203930355618, 8.420740713842463, 10.73843705104165, 10.879424767609176], [10.298464875137121, 7.414432509451617, 11.612823916246137, 9.830932000615784, 7.043108455805138, 14.880992436986109, 11.95523592521785, 7.219778549577529, 9.198613225506364, 7.327493597719949, 9.676435368920302, 6.01176645293166, 99999999.0, 6.322634158369844, 12.854851729478245, 11.299321377463611, 12.864870073839942, 12.834152293684987, 12.720229558471202, 12.036642827108022, 10.402124877183919, 10.411202130639252, 12.818645960981693, 6.81034848952708, 8.031232542098996, 10.582557818828528, 8.799786441959583, 11.767927231559478, 5.201790292641948, 7.186505659464375], [5.682812486280019, 8.925389198376, 13.309969703294842, 5.828541461181934, 10.92433172952465, 5.107851064417758, 9.420099107675508, 7.485785910870797, 10.83844232367758, 7.863395718673827, 12.439615180248312, 12.228065518356559, 6.322634158369844, 99999999.0, 7.727986884394239, 11.623441965107997, 6.363265058610985, 11.44746553642408, 6.922406304850737, 7.321283464122569, 9.80983362583132, 11.00284782334313, 7.606015658262885, 13.66811644223769, 8.921278133429768, 10.756038562604406, 12.744392475477358, 5.179438974518849, 8.835964901183413, 5.770845079016014], [14.603221827442384, 7.393844581540241, 7.742006340377898, 11.509878301733249, 8.10296370650503, 7.154875596575084, 11.873812422956144, 5.7762593251329655, 13.34903917774637, 10.09004554578025, 12.775059880462484, 13.208422648350282, 12.854851729478245, 7.727986884394239, 99999999.0, 9.362463660610286, 10.148939339171916, 13.440357142097179, 13.308100200853128, 6.375650107770357, 5.061192354622996, 6.256427174420121, 7.2121546573475985, 10.680032011488466, 7.7276991821825005, 10.063099261122623, 9.379525361527925, 6.407728717541749, 13.355931589592368, 7.21393225728352], [13.847941168995607, 10.566396480321506, 12.481740762685316, 5.420946063728286, 14.999037162159315, 7.306795851995887, 14.35528896645922, 7.365843639951009, 8.59017261260819, 12.84513706594377, 10.844044456672115, 14.442645126181063, 11.299321377463611, 11.623441965107997, 9.362463660610286, 99999999.0, 9.614640553296832, 14.956504140493639, 13.944224768654918, 13.054469159419892, 5.689521556186252, 6.153697509029189, 5.088527419485232, 11.356672223563011, 6.522565528831251, 6.71606036650286, 5.618419303723492, 10.770185711215309, 9.234879432222801, 6.009332126877524], [10.734156780544508, 13.418948161952592, 6.728491809821562, 10.198737850848069, 8.108442856945056, 10.512683080050849, 5.358275384639119, 6.668996617034484, 13.98581232236508, 14.617514792548462, 9.052951275965722, 12.12386314507476, 12.864870073839942, 6.363265058610985, 10.148939339171916, 9.614640553296832, 99999999.0, 6.889190451339697, 12.647065569185308, 7.335642243750275, 7.838284221882223, 12.48865082172546, 11.463837588071826, 7.116154170293337, 10.143320669950084, 6.558908108173826, 12.01660487176242, 12.829974639728398, 7.168742241210353, 13.723041725059362], [7.95978229160162, 6.600807088243124, 7.089411934512889, 7.9739152442468235, 14.51642216155384, 13.128147444489459, 8.16827253513149, 11.866266894503598, 9.276531441429823, 14.139743078217219, 11.383511720342863, 13.34631032148522, 12.834152293684987, 11.44746553642408, 13.440357142097179, 14.956504140493639, 6.889190451339697, 99999999.0, 6.496575112017701, 11.066816661837606, 14.143392691228495, 5.576637501954195, 14.503503749167312, 5.769367062179198, 7.32754320861593, 10.142883051997053, 14.41238644346072, 5.921833182563937, 12.645639854924365, 10.908138263800248], [11.579208325429331, 6.901243138183622, 12.017777746324368, 6.276026765988908, 10.692724515247374, 9.857557763770782, 7.983493241711247, 8.820296864264371, 7.429498768044107, 12.40694060089067, 13.496027928357181, 14.837921287674881, 12.720229558471202, 6.922406304850737, 13.308100200853128, 13.944224768654918, 12.647065569185308, 6.496575112017701, 99999999.0, 9.707916206697343, 12.495244664948098, 10.099280303714774, 11.702549841478534, 13.060712150884331, 13.760870590905112, 6.9307214294336585, 11.561961867265362, 12.415416759138955, 8.834358535195118, 5.257498715980975], [7.077128610569079, 13.975303963636486, 11.955352386572587, 14.798838896359612, 12.76211090630592, 8.810286758990031, 9.947350453881587, 11.195663346048866, 14.248047715820013, 10.11908468622891, 9.88718613956339, 7.178767880732378, 12.036642827108022, 7.321283464122569, 6.375650107770357, 13.054469159419892, 7.335642243750275, 11.066816661837606, 9.707916206697343, 99999999.0, 10.15005295569412, 11.189408735815292, 9.522835396337396, 8.697315599052043, 12.111268754288226, 14.196872845392335, 13.455294643605543, 10.791338624835623, 12.783416927646156, 10.647797522834248], [14.945402298521294, 12.297584955509409, 10.37265715022378, 12.913603269016985, 11.442703080024167, 10.773217512252579, 8.37853902767609, 10.791862988503013, 13.768956138437586, 8.492262028277676, 8.640047942245122, 9.068128008727687, 10.402124877183919, 9.80983362583132, 5.061192354622996, 5.689521556186252, 7.838284221882223, 14.143392691228495, 12.495244664948098, 10.15005295569412, 99999999.0, 6.684875566283077, 10.228793540028226, 7.224914079341053, 6.188366972929826, 10.711809860218708, 6.974754221096112, 12.5918946657419, 6.613560482141658, 10.937509483582314], [12.58532887417852, 7.805144303066076, 5.8704392684956925, 14.210327384552677, 11.401717435667306, 12.77674684902614, 12.516056866372601, 7.760731451939218, 14.26206654330903, 13.665189265243617, 13.11545100367127, 12.416602488406717, 10.411202130639252, 11.00284782334313, 6.256427174420121, 6.153697509029189, 12.48865082172546, 5.576637501954195, 10.099280303714774, 11.189408735815292, 6.684875566283077, 99999999.0, 6.929375988150246, 6.845683057107355, 6.429609345199231, 7.939335575337779, 6.474048526508684, 11.952645416457838, 6.015493217007921, 13.32488990204902], [7.326880302417481, 7.630290781852831, 8.785901368147192, 5.976126129848225, 7.681173839745936, 8.360800780682942, 5.9267580770232255, 7.012186991545578, 10.290129793533058, 8.560613692095748, 12.045773921981883, 8.009648047153703, 12.818645960981693, 7.606015658262885, 7.2121546573475985, 5.088527419485232, 11.463837588071826, 14.503503749167312, 11.702549841478534, 9.522835396337396, 10.228793540028226, 6.929375988150246, 99999999.0, 13.309706784241042, 9.73085128610054, 10.423232775807014, 11.79274687499676, 8.632790827973503, 5.355046389498195, 6.517072382257084], [11.628382546289778, 12.046504187962137, 7.349545447527767, 11.79592051771423, 11.910373414356663, 11.47262510413423, 6.041477927426709, 13.594984988335815, 14.540201616996821, 9.600436655416944, 9.297216589372667, 13.411579834055614, 6.81034848952708, 13.66811644223769, 10.680032011488466, 11.356672223563011, 7.116154170293337, 5.769367062179198, 13.060712150884331, 8.697315599052043, 7.224914079341053, 6.845683057107355, 13.309706784241042, 99999999.0, 7.7567489223312505, 5.292960962010554, 14.84241830731053, 14.544375522760092, 12.032222820666995, 5.345015909418099], [5.443617730364902, 5.6617026962019565, 6.384194649492335, 6.669335225872924, 7.003429635071394, 10.601589968120567, 5.549182016772259, 7.860337423302636, 6.767321337240998, 13.167625645187172, 12.641250806325615, 5.07600583251749, 8.031232542098996, 8.921278133429768, 7.7276991821825005, 6.522565528831251, 10.143320669950084, 7.32754320861593, 13.760870590905112, 12.111268754288226, 6.188366972929826, 6.429609345199231, 9.73085128610054, 7.7567489223312505, 99999999.0, 5.344786798171052, 7.200613305494463, 9.891430799150923, 6.209101493253747, 8.020498293874827], [8.144949396822318, 8.060300945169484, 6.9968062322900435, 6.337547358886595, 10.779309416114753, 5.675662051561618, 5.207344871378669, 12.24201102057707, 14.603962047601081, 10.955893156003622, 7.608701712837633, 8.44473384291, 10.582557818828528, 10.756038562604406, 10.063099261122623, 6.71606036650286, 6.558908108173826, 10.142883051997053, 6.9307214294336585, 14.196872845392335, 10.711809860218708, 7.939335575337779, 10.423232775807014, 5.292960962010554, 5.344786798171052, 99999999.0, 9.799672710499065, 14.273600135680612, 12.106218610735217, 11.775671172104486], [7.565712610043419, 6.858995069577806, 7.447938122189225, 7.491212226310862, 13.550417960935414, 6.171827285750537, 5.43292085739674, 10.514273453302389, 8.996948842966432, 8.497416161558037, 8.286974354040943, 9.503203930355618, 8.799786441959583, 12.744392475477358, 9.379525361527925, 5.618419303723492, 12.01660487176242, 14.41238644346072, 11.561961867265362, 13.455294643605543, 6.974754221096112, 6.474048526508684, 11.79274687499676, 14.84241830731053, 7.200613305494463, 9.799672710499065, 99999999.0, 9.546829461915525, 7.433949271441687, 7.857420802279989], [8.53838753775751, 10.277029898844638, 10.78732275181274, 6.011119154003023, 11.529624060626313, 6.1589206114030635, 14.367057187711538, 5.626010043904452, 7.022913010029543, 9.135833110880048, 10.964570023296533, 8.420740713842463, 11.767927231559478, 5.179438974518849, 6.407728717541749, 10.770185711215309, 12.829974639728398, 5.921833182563937, 12.415416759138955, 10.791338624835623, 12.5918946657419, 11.952645416457838, 8.632790827973503, 14.544375522760092, 9.891430799150923, 14.273600135680612, 9.546829461915525, 99999999.0, 5.184090065904272, 12.418054141482457], [11.424226384568613, 13.976953885658013, 10.588017791538325, 14.14456932949615, 11.646456160113942, 6.993857011653139, 11.874866172965252, 13.939040535746456, 5.052918114331046, 7.071165434678112, 13.991861266694027, 10.73843705104165, 5.201790292641948, 8.835964901183413, 13.355931589592368, 9.234879432222801, 7.168742241210353, 12.645639854924365, 8.834358535195118, 12.783416927646156, 6.613560482141658, 6.015493217007921, 5.355046389498195, 12.032222820666995, 6.209101493253747, 12.106218610735217, 7.433949271441687, 5.184090065904272, 99999999.0, 14.311749586649558], [13.748045401209803, 5.645663469085934, 9.9097060399736, 10.96561389531195, 11.391967149496748, 12.305068123700469, 12.773261919205567, 11.247893697573563, 8.313931517153765, 13.133497410020494, 10.075689787599682, 10.879424767609176, 7.186505659464375, 5.770845079016014, 7.21393225728352, 6.009332126877524, 13.723041725059362, 10.908138263800248, 5.257498715980975, 10.647797522834248, 10.937509483582314, 13.32488990204902, 6.517072382257084, 5.345015909418099, 8.020498293874827, 11.775671172104486, 7.857420802279989, 12.418054141482457, 14.311749586649558, 99999999.0]];
