M = 99999999.0;
numWorkers = 25;
numRoles = 4;
numNodes = 30;
wStart = [0, 74.40352876321536, 172.53062781703497, 299.9839595410983, 149.80449650079245, 324.5774268854964, 214.43672786269082, 65.80841933331484, 79.97030908650072, 293.66787992314727, 219.18507783817884, 313.8369105190828, 169.25965321815588, 11.707689365520324, 421.89407765350944, 300.965717039795, 357.4638733587493, 303.97070700641626, 206.84176454645637, 131.92145480489594, 203.1433923008988, 211.8170729890809, 377.0344810935751, 217.20102231802647, 361.44417849151785, 144.93909799453436, 376.4203893090816, 266.7960977588064, 155.75402696941944, 0];
wEnd = [0, 99.71200209155258, 201.28267108477374, 336.36847961574665, 182.26929024517813, 354.77905023036647, 254.0722621840255, 101.09782820915059, 114.80738715334802, 328.0732343234939, 254.41526100277744, 345.91353299436486, 206.5960584532235, 45.12961931720904, 449.26575497948875, 331.1119861567671, 396.4180723365102, 331.9067976916146, 238.27635980290844, 171.46074564406848, 241.70268486587844, 241.37485683814404, 413.24225611148137, 243.31417545004186, 395.3383968801035, 181.7933399228117, 410.0294264622739, 305.96661493820125, 185.41487907496509, 450];
p = [0, 10.222780408758256, 7.368328015578425, 16.729999536595276, 15.162325310201652, 9.71353680477541, 14.697454822311924, 13.348699536178646, 16.645967069268558, 13.8633337522439, 20.310956105850003, 18.35321173336668, 22.68150849260749, 14.336771396951072, 12.050786930883193, 10.877487639741256, 17.410598679943007, 8.236203505281471, 11.235277924507134, 22.747334113962893, 15.787772629391227, 10.283722368496488, 23.382916343759753, 15.215071019420789, 10.31431374958577, 12.363987162847183, 14.547894148949924, 18.3250385931425, 10.009527478306543, 0];
e = [[0, 0, 1, 1], [0, 1, 1, 0], [1, 0, 0, 1], [0, 1, 0, 1], [0, 0, 1, 1], [0, 0, 1, 1], [1, 1, 0, 0], [0, 0, 1, 1], [1, 1, 0, 0], [1, 0, 0, 1], [0, 0, 1, 1], [1, 0, 0, 1], [0, 1, 1, 0], [0, 1, 1, 0], [0, 1, 1, 0], [1, 0, 0, 0], [0, 1, 0, 0], [0, 0, 1, 0], [0, 1, 0, 0], [0, 1, 0, 0], [1, 0, 0, 0], [1, 0, 0, 0], [0, 0, 0, 1], [1, 0, 0, 0], [1, 0, 0, 0]];
d = [[1, 3, 1, 0, 1, 3, 1, 2, 1, 0, 3, 1, 0, 0, 2, 0, 0, 1, 1, 1, 2, 0, 1, 0, 3, 1, 0, 1], [0, 1, 1, 1, 3, 1, 3, 0, 1, 0, 1, 1, 0, 1, 4, 3, 3, 4, 2, 2, 1, 1, 3, 0, 1, 1, 3, 2], [2, 0, 2, 0, 3, 2, 0, 2, 3, 1, 2, 2, 1, 2, 0, 2, 0, 0, 2, 1, 2, 2, 1, 1, 2, 2, 1, 2], [2, 2, 0, 2, 1, 1, 1, 1, 0, 2, 2, 1, 2, 0, 0, 2, 1, 2, 1, 0, 1, 1, 3, 2, 2, 4, 0, 0]];
r = [197.16574107981785, 95.04050872789566, 66.62583098708129, 111.5238418654227, 190.08378427319977, 198.69895129725242, 103.02878674884788, 127.1869049614404, 164.46297781399642, 88.1166872422724, 80.29601201094316, 149.486250506483, 62.092175833984086, 109.32602683364517, 174.7819588629854, 123.16358067757442, 153.50873164841647, 66.87720292987439, 51.511201165498136, 160.44605739203217, 136.50339146277184, 180.45959253592332, 114.26847712175918, 181.1046342257501, 198.44617691689442, 75.76183940181849, 140.3528540466297, 66.95114672020694];
b = [[[0.0, 0.0, 0.0, 0.0, 0.0, 0.0, 0.0, 0.0, 0.0, 0.0, 0.0, 0.0, 0.0, 0.0, 0.0, 0.0, 0.0, 0.0, 0.0, 0.0, 0.0, 0.0, 0.0, 0.0, 0.0, 0.0, 0.0, 0.0], [0.0, 0.0, 0.0, 0.0, 0.0, 0.0, 0.0, 0.0, 0.0, 0.0, 0.0, 0.0, 0.0, 0.0, 0.0, 0.0, 0.0, 0.0, 0.0, 0.0, 0.0, 0.0, 0.0, 0.0, 0.0, 0.0, 0.0, 0.0], [0.0, 0.0, 0.0, 0.0, 0.0, 0.0, 0.0, 0.0, 0.0, 0.0, 0.0, 0.0, 0.0, 0.0, 0.0, 0.0, 0.0, 0.0, 0.0, 0.0, 0.0, 0.0, 0.0, 0.0, 0.0, 0.0, 0.0, 0.0], [0.0, 0.0, 0.0, 0.0, 0.0, 0.0, 0.0, 0.0, 0.0, 0.0, 0.0, 0.0, 0.0, 0.0, 0.0, 0.0, 0.0, 0.0, 0.0, 0.0, 0.0, 0.0, 0.0, 0.0, 0.0, 0.0, 0.0, 0.0]], [[0.0, 0.0, 0.0, 0.0, 0.0, 0.0, 0.0, 0.0, 0.0, 0.0, 0.0, 0.0, 0.0, 0.0, 0.0, 0.0, 0.0, 0.0, 0.0, 0.0, 0.0, 0.0, 0.0, 0.0, 0.0, 0.0, 0.0, 0.0], [0.0, 0.0, 0.0, 0.0, 0.0, 0.0, 0.0, 0.0, 0.0, 0.0, 0.0, 0.0, 0.0, 0.0, 0.0, 0.0, 0.0, 0.0, 0.0, 0.0, 0.0, 0.0, 0.0, 0.0, 0.0, 0.0, 0.0, 0.0], [0.0, 0.0, 0.0, 0.0, 0.0, 0.0, 0.0, 0.0, 0.0, 0.0, 0.0, 0.0, 0.0, 0.0, 0.0, 0.0, 0.0, 0.0, 0.0, 0.0, 0.0, 0.0, 0.0, 0.0, 0.0, 0.0, 0.0, 0.0], [0.0, 0.0, 0.0, 0.0, 0.0, 0.0, 0.0, 0.0, 0.0, 0.0, 0.0, 0.0, 0.0, 0.0, 0.0, 0.0, 0.0, 0.0, 0.0, 0.0, 0.0, 0.0, 0.0, 0.0, 0.0, 0.0, 0.0, 0.0]], [[0.0, 0.0, 0.0, 0.0, 0.0, 0.0, 0.0, 0.0, 0.0, 0.0, 0.0, 0.0, 0.0, 0.0, 0.0, 0.0, 0.0, 0.0, 0.0, 0.0, 0.0, 0.0, 0.0, 0.0, 0.0, 0.0, 0.0, 0.0], [0.0, 0.0, 0.0, 0.0, 0.0, 0.0, 0.0, 0.0, 0.0, 0.0, 0.0, 0.0, 0.0, 0.0, 0.0, 0.0, 0.0, 0.0, 0.0, 0.0, 0.0, 0.0, 0.0, 0.0, 0.0, 0.0, 0.0, 0.0], [0.0, 0.0, 0.0, 0.0, 0.0, 0.0, 0.0, 0.0, 0.0, 0.0, 0.0, 0.0, 0.0, 0.0, 0.0, 0.0, 0.0, 0.0, 0.0, 0.0, 0.0, 0.0, 0.0, 0.0, 0.0, 0.0, 0.0, 0.0], [0.0, 0.0, 0.0, 0.0, 0.0, 0.0, 0.0, 0.0, 0.0, 0.0, 0.0, 0.0, 0.0, 0.0, 0.0, 0.0, 0.0, 0.0, 0.0, 0.0, 0.0, 0.0, 0.0, 0.0, 0.0, 0.0, 0.0, 0.0]], [[0.0, 0.0, 0.0, 0.0, 0.0, 0.0, 0.0, 0.0, 0.0, 0.0, 0.0, 0.0, 0.0, 0.0, 0.0, 0.0, 0.0, 0.0, 0.0, 0.0, 0.0, 0.0, 0.0, 0.0, 0.0, 0.0, 0.0, 0.0], [0.0, 0.0, 0.0, 0.0, 0.0, 0.0, 0.0, 0.0, 0.0, 0.0, 0.0, 0.0, 0.0, 0.0, 0.0, 0.0, 0.0, 0.0, 0.0, 0.0, 0.0, 0.0, 0.0, 0.0, 0.0, 0.0, 0.0, 0.0], [0.0, 0.0, 0.0, 0.0, 0.0, 0.0, 0.0, 0.0, 0.0, 0.0, 0.0, 0.0, 0.0, 0.0, 0.0, 0.0, 0.0, 0.0, 0.0, 0.0, 0.0, 0.0, 0.0, 0.0, 0.0, 0.0, 0.0, 0.0], [0.0, 0.0, 0.0, 0.0, 0.0, 0.0, 0.0, 0.0, 0.0, 0.0, 0.0, 0.0, 0.0, 0.0, 0.0, 0.0, 0.0, 0.0, 0.0, 0.0, 0.0, 0.0, 0.0, 0.0, 0.0, 0.0, 0.0, 0.0]], [[0.0, 0.0, 0.0, 0.0, 0.0, 0.0, 0.0, 0.0, 0.0, 0.0, 0.0, 0.0, 0.0, 0.0, 0.0, 0.0, 0.0, 0.0, 0.0, 0.0, 0.0, 0.0, 0.0, 0.0, 0.0, 0.0, 0.0, 0.0], [0.0, 0.0, 0.0, 0.0, 0.0, 0.0, 0.0, 0.0, 0.0, 0.0, 0.0, 0.0, 0.0, 0.0, 0.0, 0.0, 0.0, 0.0, 0.0, 0.0, 0.0, 0.0, 0.0, 0.0, 0.0, 0.0, 0.0, 0.0], [0.0, 0.0, 0.0, 0.0, 0.0, 0.0, 0.0, 0.0, 0.0, 0.0, 0.0, 0.0, 0.0, 0.0, 0.0, 0.0, 0.0, 0.0, 0.0, 0.0, 0.0, 0.0, 0.0, 0.0, 0.0, 0.0, 0.0, 0.0], [0.0, 0.0, 0.0, 0.0, 0.0, 0.0, 0.0, 0.0, 0.0, 0.0, 0.0, 0.0, 0.0, 0.0, 0.0, 0.0, 0.0, 0.0, 0.0, 0.0, 0.0, 0.0, 0.0, 0.0, 0.0, 0.0, 0.0, 0.0]], [[0.0, 0.0, 0.0, 0.0, 0.0, 0.0, 0.0, 0.0, 0.0, 0.0, 0.0, 0.0, 0.0, 0.0, 0.0, 0.0, 0.0, 0.0, 0.0, 0.0, 0.0, 0.0, 0.0, 0.0, 0.0, 0.0, 0.0, 0.0], [0.0, 0.0, 0.0, 0.0, 0.0, 0.0, 0.0, 0.0, 0.0, 0.0, 0.0, 0.0, 0.0, 0.0, 0.0, 0.0, 0.0, 0.0, 0.0, 0.0, 0.0, 0.0, 0.0, 0.0, 0.0, 0.0, 0.0, 0.0], [0.0, 0.0, 0.0, 0.0, 0.0, 0.0, 0.0, 0.0, 0.0, 0.0, 0.0, 0.0, 0.0, 0.0, 0.0, 0.0, 0.0, 0.0, 0.0, 0.0, 0.0, 0.0, 0.0, 0.0, 0.0, 0.0, 0.0, 0.0], [0.0, 0.0, 0.0, 0.0, 0.0, 0.0, 0.0, 0.0, 0.0, 0.0, 0.0, 0.0, 0.0, 0.0, 0.0, 0.0, 0.0, 0.0, 0.0, 0.0, 0.0, 0.0, 0.0, 0.0, 0.0, 0.0, 0.0, 0.0]], [[0.0, 0.0, 0.0, 0.0, 0.0, 0.0, 0.0, 0.0, 0.0, 0.0, 0.0, 0.0, 0.0, 0.0, 0.0, 0.0, 0.0, 0.0, 0.0, 0.0, 0.0, 0.0, 0.0, 0.0, 0.0, 0.0, 0.0, 0.0], [0.0, 0.0, 0.0, 0.0, 0.0, 0.0, 0.0, 0.0, 0.0, 0.0, 0.0, 0.0, 0.0, 0.0, 0.0, 0.0, 0.0, 0.0, 0.0, 0.0, 0.0, 0.0, 0.0, 0.0, 0.0, 0.0, 0.0, 0.0], [0.0, 0.0, 0.0, 0.0, 0.0, 0.0, 0.0, 0.0, 0.0, 0.0, 0.0, 0.0, 0.0, 0.0, 0.0, 0.0, 0.0, 0.0, 0.0, 0.0, 0.0, 0.0, 0.0, 0.0, 0.0, 0.0, 0.0, 0.0], [0.0, 0.0, 0.0, 0.0, 0.0, 0.0, 0.0, 0.0, 0.0, 0.0, 0.0, 0.0, 0.0, 0.0, 0.0, 0.0, 0.0, 0.0, 0.0, 0.0, 0.0, 0.0, 0.0, 0.0, 0.0, 0.0, 0.0, 0.0]], [[0.0, 0.0, 0.0, 0.0, 0.0, 0.0, 0.0, 0.0, 0.0, 0.0, 0.0, 0.0, 0.0, 0.0, 0.0, 0.0, 0.0, 0.0, 0.0, 0.0, 0.0, 0.0, 0.0, 0.0, 0.0, 0.0, 0.0, 0.0], [0.0, 0.0, 0.0, 0.0, 0.0, 0.0, 0.0, 0.0, 0.0, 0.0, 0.0, 0.0, 0.0, 0.0, 0.0, 0.0, 0.0, 0.0, 0.0, 0.0, 0.0, 0.0, 0.0, 0.0, 0.0, 0.0, 0.0, 0.0], [0.0, 0.0, 0.0, 0.0, 0.0, 0.0, 0.0, 0.0, 0.0, 0.0, 0.0, 0.0, 0.0, 0.0, 0.0, 0.0, 0.0, 0.0, 0.0, 0.0, 0.0, 0.0, 0.0, 0.0, 0.0, 0.0, 0.0, 0.0], [0.0, 0.0, 0.0, 0.0, 0.0, 0.0, 0.0, 0.0, 0.0, 0.0, 0.0, 0.0, 0.0, 0.0, 0.0, 0.0, 0.0, 0.0, 0.0, 0.0, 0.0, 0.0, 0.0, 0.0, 0.0, 0.0, 0.0, 0.0]], [[0.0, 0.0, 0.0, 0.0, 0.0, 0.0, 0.0, 0.0, 0.0, 0.0, 0.0, 0.0, 0.0, 0.0, 0.0, 0.0, 0.0, 0.0, 0.0, 0.0, 0.0, 0.0, 0.0, 0.0, 0.0, 0.0, 0.0, 0.0], [0.0, 0.0, 0.0, 0.0, 0.0, 0.0, 0.0, 0.0, 0.0, 0.0, 0.0, 0.0, 0.0, 0.0, 0.0, 0.0, 0.0, 0.0, 0.0, 0.0, 0.0, 0.0, 0.0, 0.0, 0.0, 0.0, 0.0, 0.0], [0.0, 0.0, 0.0, 0.0, 0.0, 0.0, 0.0, 0.0, 0.0, 0.0, 0.0, 0.0, 0.0, 0.0, 0.0, 0.0, 0.0, 0.0, 0.0, 0.0, 0.0, 0.0, 0.0, 0.0, 0.0, 0.0, 0.0, 0.0], [0.0, 0.0, 0.0, 0.0, 0.0, 0.0, 0.0, 0.0, 0.0, 0.0, 0.0, 0.0, 0.0, 0.0, 0.0, 0.0, 0.0, 0.0, 0.0, 0.0, 0.0, 0.0, 0.0, 0.0, 0.0, 0.0, 0.0, 0.0]], [[0.0, 0.0, 0.0, 0.0, 0.0, 0.0, 0.0, 0.0, 0.0, 0.0, 0.0, 0.0, 0.0, 0.0, 0.0, 0.0, 0.0, 0.0, 0.0, 0.0, 0.0, 0.0, 0.0, 0.0, 0.0, 0.0, 0.0, 0.0], [0.0, 0.0, 0.0, 0.0, 0.0, 0.0, 0.0, 0.0, 0.0, 0.0, 0.0, 0.0, 0.0, 0.0, 0.0, 0.0, 0.0, 0.0, 0.0, 0.0, 0.0, 0.0, 0.0, 0.0, 0.0, 0.0, 0.0, 0.0], [0.0, 0.0, 0.0, 0.0, 0.0, 0.0, 0.0, 0.0, 0.0, 0.0, 0.0, 0.0, 0.0, 0.0, 0.0, 0.0, 0.0, 0.0, 0.0, 0.0, 0.0, 0.0, 0.0, 0.0, 0.0, 0.0, 0.0, 0.0], [0.0, 0.0, 0.0, 0.0, 0.0, 0.0, 0.0, 0.0, 0.0, 0.0, 0.0, 0.0, 0.0, 0.0, 0.0, 0.0, 0.0, 0.0, 0.0, 0.0, 0.0, 0.0, 0.0, 0.0, 0.0, 0.0, 0.0, 0.0]], [[0.0, 0.0, 0.0, 0.0, 0.0, 0.0, 0.0, 0.0, 0.0, 0.0, 0.0, 0.0, 0.0, 0.0, 0.0, 0.0, 0.0, 0.0, 0.0, 0.0, 0.0, 0.0, 0.0, 0.0, 0.0, 0.0, 0.0, 0.0], [0.0, 0.0, 0.0, 0.0, 0.0, 0.0, 0.0, 0.0, 0.0, 0.0, 0.0, 0.0, 0.0, 0.0, 0.0, 0.0, 0.0, 0.0, 0.0, 0.0, 0.0, 0.0, 0.0, 0.0, 0.0, 0.0, 0.0, 0.0], [0.0, 0.0, 0.0, 0.0, 0.0, 0.0, 0.0, 0.0, 0.0, 0.0, 0.0, 0.0, 0.0, 0.0, 0.0, 0.0, 0.0, 0.0, 0.0, 0.0, 0.0, 0.0, 0.0, 0.0, 0.0, 0.0, 0.0, 0.0], [0.0, 0.0, 0.0, 0.0, 0.0, 0.0, 0.0, 0.0, 0.0, 0.0, 0.0, 0.0, 0.0, 0.0, 0.0, 0.0, 0.0, 0.0, 0.0, 0.0, 0.0, 0.0, 0.0, 0.0, 0.0, 0.0, 0.0, 0.0]], [[0.0, 0.0, 0.0, 0.0, 0.0, 0.0, 0.0, 0.0, 0.0, 0.0, 0.0, 0.0, 0.0, 0.0, 0.0, 0.0, 0.0, 0.0, 0.0, 0.0, 0.0, 0.0, 0.0, 0.0, 0.0, 0.0, 0.0, 0.0], [0.0, 0.0, 0.0, 0.0, 0.0, 0.0, 0.0, 0.0, 0.0, 0.0, 0.0, 0.0, 0.0, 0.0, 0.0, 0.0, 0.0, 0.0, 0.0, 0.0, 0.0, 0.0, 0.0, 0.0, 0.0, 0.0, 0.0, 0.0], [0.0, 0.0, 0.0, 0.0, 0.0, 0.0, 0.0, 0.0, 0.0, 0.0, 0.0, 0.0, 0.0, 0.0, 0.0, 0.0, 0.0, 0.0, 0.0, 0.0, 0.0, 0.0, 0.0, 0.0, 0.0, 0.0, 0.0, 0.0], [0.0, 0.0, 0.0, 0.0, 0.0, 0.0, 0.0, 0.0, 0.0, 0.0, 0.0, 0.0, 0.0, 0.0, 0.0, 0.0, 0.0, 0.0, 0.0, 0.0, 0.0, 0.0, 0.0, 0.0, 0.0, 0.0, 0.0, 0.0]], [[0.0, 0.0, 0.0, 0.0, 0.0, 0.0, 0.0, 0.0, 0.0, 0.0, 0.0, 0.0, 0.0, 0.0, 0.0, 0.0, 0.0, 0.0, 0.0, 0.0, 0.0, 0.0, 0.0, 0.0, 0.0, 0.0, 0.0, 0.0], [0.0, 0.0, 0.0, 0.0, 0.0, 0.0, 0.0, 0.0, 0.0, 0.0, 0.0, 0.0, 0.0, 0.0, 0.0, 0.0, 0.0, 0.0, 0.0, 0.0, 0.0, 0.0, 0.0, 0.0, 0.0, 0.0, 0.0, 0.0], [0.0, 0.0, 0.0, 0.0, 0.0, 0.0, 0.0, 0.0, 0.0, 0.0, 0.0, 0.0, 0.0, 0.0, 0.0, 0.0, 0.0, 0.0, 0.0, 0.0, 0.0, 0.0, 0.0, 0.0, 0.0, 0.0, 0.0, 0.0], [0.0, 0.0, 0.0, 0.0, 0.0, 0.0, 0.0, 0.0, 0.0, 0.0, 0.0, 0.0, 0.0, 0.0, 0.0, 0.0, 0.0, 0.0, 0.0, 0.0, 0.0, 0.0, 0.0, 0.0, 0.0, 0.0, 0.0, 0.0]], [[0.0, 0.0, 0.0, 0.0, 0.0, 0.0, 0.0, 0.0, 0.0, 0.0, 0.0, 0.0, 0.0, 0.0, 0.0, 0.0, 0.0, 0.0, 0.0, 0.0, 0.0, 0.0, 0.0, 0.0, 0.0, 0.0, 0.0, 0.0], [0.0, 0.0, 0.0, 0.0, 0.0, 0.0, 0.0, 0.0, 0.0, 0.0, 0.0, 0.0, 0.0, 0.0, 0.0, 0.0, 0.0, 0.0, 0.0, 0.0, 0.0, 0.0, 0.0, 0.0, 0.0, 0.0, 0.0, 0.0], [0.0, 0.0, 0.0, 0.0, 0.0, 0.0, 0.0, 0.0, 0.0, 0.0, 0.0, 0.0, 0.0, 0.0, 0.0, 0.0, 0.0, 0.0, 0.0, 0.0, 0.0, 0.0, 0.0, 0.0, 0.0, 0.0, 0.0, 0.0], [0.0, 0.0, 0.0, 0.0, 0.0, 0.0, 0.0, 0.0, 0.0, 0.0, 0.0, 0.0, 0.0, 0.0, 0.0, 0.0, 0.0, 0.0, 0.0, 0.0, 0.0, 0.0, 0.0, 0.0, 0.0, 0.0, 0.0, 0.0]], [[0.0, 0.0, 0.0, 0.0, 0.0, 0.0, 0.0, 0.0, 0.0, 0.0, 0.0, 0.0, 0.0, 0.0, 0.0, 0.0, 0.0, 0.0, 0.0, 0.0, 0.0, 0.0, 0.0, 0.0, 0.0, 0.0, 0.0, 0.0], [0.0, 0.0, 0.0, 0.0, 0.0, 0.0, 0.0, 0.0, 0.0, 0.0, 0.0, 0.0, 0.0, 0.0, 0.0, 0.0, 0.0, 0.0, 0.0, 0.0, 0.0, 0.0, 0.0, 0.0, 0.0, 0.0, 0.0, 0.0], [0.0, 0.0, 0.0, 0.0, 0.0, 0.0, 0.0, 0.0, 0.0, 0.0, 0.0, 0.0, 0.0, 0.0, 0.0, 0.0, 0.0, 0.0, 0.0, 0.0, 0.0, 0.0, 0.0, 0.0, 0.0, 0.0, 0.0, 0.0], [0.0, 0.0, 0.0, 0.0, 0.0, 0.0, 0.0, 0.0, 0.0, 0.0, 0.0, 0.0, 0.0, 0.0, 0.0, 0.0, 0.0, 0.0, 0.0, 0.0, 0.0, 0.0, 0.0, 0.0, 0.0, 0.0, 0.0, 0.0]], [[0.0, 0.0, 0.0, 0.0, 0.0, 0.0, 0.0, 0.0, 0.0, 0.0, 0.0, 0.0, 0.0, 0.0, 0.0, 0.0, 0.0, 0.0, 0.0, 0.0, 0.0, 0.0, 0.0, 0.0, 0.0, 0.0, 0.0, 0.0], [0.0, 0.0, 0.0, 0.0, 0.0, 0.0, 0.0, 0.0, 0.0, 0.0, 0.0, 0.0, 0.0, 0.0, 0.0, 0.0, 0.0, 0.0, 0.0, 0.0, 0.0, 0.0, 0.0, 0.0, 0.0, 0.0, 0.0, 0.0], [0.0, 0.0, 0.0, 0.0, 0.0, 0.0, 0.0, 0.0, 0.0, 0.0, 0.0, 0.0, 0.0, 0.0, 0.0, 0.0, 0.0, 0.0, 0.0, 0.0, 0.0, 0.0, 0.0, 0.0, 0.0, 0.0, 0.0, 0.0], [0.0, 0.0, 0.0, 0.0, 0.0, 0.0, 0.0, 0.0, 0.0, 0.0, 0.0, 0.0, 0.0, 0.0, 0.0, 0.0, 0.0, 0.0, 0.0, 0.0, 0.0, 0.0, 0.0, 0.0, 0.0, 0.0, 0.0, 0.0]], [[0.0, 0.0, 0.0, 0.0, 0.0, 0.0, 0.0, 0.0, 0.0, 0.0, 0.0, 0.0, 0.0, 0.0, 0.0, 0.0, 0.0, 0.0, 0.0, 0.0, 0.0, 0.0, 0.0, 0.0, 0.0, 0.0, 0.0, 0.0], [0.0, 0.0, 0.0, 0.0, 0.0, 0.0, 0.0, 0.0, 0.0, 0.0, 0.0, 0.0, 0.0, 0.0, 0.0, 0.0, 0.0, 0.0, 0.0, 0.0, 0.0, 0.0, 0.0, 0.0, 0.0, 0.0, 0.0, 0.0], [0.0, 0.0, 0.0, 0.0, 0.0, 0.0, 0.0, 0.0, 0.0, 0.0, 0.0, 0.0, 0.0, 0.0, 0.0, 0.0, 0.0, 0.0, 0.0, 0.0, 0.0, 0.0, 0.0, 0.0, 0.0, 0.0, 0.0, 0.0], [0.0, 0.0, 0.0, 0.0, 0.0, 0.0, 0.0, 0.0, 0.0, 0.0, 0.0, 0.0, 0.0, 0.0, 0.0, 0.0, 0.0, 0.0, 0.0, 0.0, 0.0, 0.0, 0.0, 0.0, 0.0, 0.0, 0.0, 0.0]], [[0.0, 0.0, 0.0, 0.0, 0.0, 0.0, 0.0, 0.0, 0.0, 0.0, 0.0, 0.0, 0.0, 0.0, 0.0, 0.0, 0.0, 0.0, 0.0, 0.0, 0.0, 0.0, 0.0, 0.0, 0.0, 0.0, 0.0, 0.0], [0.0, 0.0, 0.0, 0.0, 0.0, 0.0, 0.0, 0.0, 0.0, 0.0, 0.0, 0.0, 0.0, 0.0, 0.0, 0.0, 0.0, 0.0, 0.0, 0.0, 0.0, 0.0, 0.0, 0.0, 0.0, 0.0, 0.0, 0.0], [0.0, 0.0, 0.0, 0.0, 0.0, 0.0, 0.0, 0.0, 0.0, 0.0, 0.0, 0.0, 0.0, 0.0, 0.0, 0.0, 0.0, 0.0, 0.0, 0.0, 0.0, 0.0, 0.0, 0.0, 0.0, 0.0, 0.0, 0.0], [0.0, 0.0, 0.0, 0.0, 0.0, 0.0, 0.0, 0.0, 0.0, 0.0, 0.0, 0.0, 0.0, 0.0, 0.0, 0.0, 0.0, 0.0, 0.0, 0.0, 0.0, 0.0, 0.0, 0.0, 0.0, 0.0, 0.0, 0.0]], [[0.0, 0.0, 0.0, 0.0, 0.0, 0.0, 0.0, 0.0, 0.0, 0.0, 0.0, 0.0, 0.0, 0.0, 0.0, 0.0, 0.0, 0.0, 0.0, 0.0, 0.0, 0.0, 0.0, 0.0, 0.0, 0.0, 0.0, 0.0], [0.0, 0.0, 0.0, 0.0, 0.0, 0.0, 0.0, 0.0, 0.0, 0.0, 0.0, 0.0, 0.0, 0.0, 0.0, 0.0, 0.0, 0.0, 0.0, 0.0, 0.0, 0.0, 0.0, 0.0, 0.0, 0.0, 0.0, 0.0], [0.0, 0.0, 0.0, 0.0, 0.0, 0.0, 0.0, 0.0, 0.0, 0.0, 0.0, 0.0, 0.0, 0.0, 0.0, 0.0, 0.0, 0.0, 0.0, 0.0, 0.0, 0.0, 0.0, 0.0, 0.0, 0.0, 0.0, 0.0], [0.0, 0.0, 0.0, 0.0, 0.0, 0.0, 0.0, 0.0, 0.0, 0.0, 0.0, 0.0, 0.0, 0.0, 0.0, 0.0, 0.0, 0.0, 0.0, 0.0, 0.0, 0.0, 0.0, 0.0, 0.0, 0.0, 0.0, 0.0]], [[0.0, 0.0, 0.0, 0.0, 0.0, 0.0, 0.0, 0.0, 0.0, 0.0, 0.0, 0.0, 0.0, 0.0, 0.0, 0.0, 0.0, 0.0, 0.0, 0.0, 0.0, 0.0, 0.0, 0.0, 0.0, 0.0, 0.0, 0.0], [0.0, 0.0, 0.0, 0.0, 0.0, 0.0, 0.0, 0.0, 0.0, 0.0, 0.0, 0.0, 0.0, 0.0, 0.0, 0.0, 0.0, 0.0, 0.0, 0.0, 0.0, 0.0, 0.0, 0.0, 0.0, 0.0, 0.0, 0.0], [0.0, 0.0, 0.0, 0.0, 0.0, 0.0, 0.0, 0.0, 0.0, 0.0, 0.0, 0.0, 0.0, 0.0, 0.0, 0.0, 0.0, 0.0, 0.0, 0.0, 0.0, 0.0, 0.0, 0.0, 0.0, 0.0, 0.0, 0.0], [0.0, 0.0, 0.0, 0.0, 0.0, 0.0, 0.0, 0.0, 0.0, 0.0, 0.0, 0.0, 0.0, 0.0, 0.0, 0.0, 0.0, 0.0, 0.0, 0.0, 0.0, 0.0, 0.0, 0.0, 0.0, 0.0, 0.0, 0.0]], [[0.0, 0.0, 0.0, 0.0, 0.0, 0.0, 0.0, 0.0, 0.0, 0.0, 0.0, 0.0, 0.0, 0.0, 0.0, 0.0, 0.0, 0.0, 0.0, 0.0, 0.0, 0.0, 0.0, 0.0, 0.0, 0.0, 0.0, 0.0], [0.0, 0.0, 0.0, 0.0, 0.0, 0.0, 0.0, 0.0, 0.0, 0.0, 0.0, 0.0, 0.0, 0.0, 0.0, 0.0, 0.0, 0.0, 0.0, 0.0, 0.0, 0.0, 0.0, 0.0, 0.0, 0.0, 0.0, 0.0], [0.0, 0.0, 0.0, 0.0, 0.0, 0.0, 0.0, 0.0, 0.0, 0.0, 0.0, 0.0, 0.0, 0.0, 0.0, 0.0, 0.0, 0.0, 0.0, 0.0, 0.0, 0.0, 0.0, 0.0, 0.0, 0.0, 0.0, 0.0], [0.0, 0.0, 0.0, 0.0, 0.0, 0.0, 0.0, 0.0, 0.0, 0.0, 0.0, 0.0, 0.0, 0.0, 0.0, 0.0, 0.0, 0.0, 0.0, 0.0, 0.0, 0.0, 0.0, 0.0, 0.0, 0.0, 0.0, 0.0]], [[0.0, 0.0, 0.0, 0.0, 0.0, 0.0, 0.0, 0.0, 0.0, 0.0, 0.0, 0.0, 0.0, 0.0, 0.0, 0.0, 0.0, 0.0, 0.0, 0.0, 0.0, 0.0, 0.0, 0.0, 0.0, 0.0, 0.0, 0.0], [0.0, 0.0, 0.0, 0.0, 0.0, 0.0, 0.0, 0.0, 0.0, 0.0, 0.0, 0.0, 0.0, 0.0, 0.0, 0.0, 0.0, 0.0, 0.0, 0.0, 0.0, 0.0, 0.0, 0.0, 0.0, 0.0, 0.0, 0.0], [0.0, 0.0, 0.0, 0.0, 0.0, 0.0, 0.0, 0.0, 0.0, 0.0, 0.0, 0.0, 0.0, 0.0, 0.0, 0.0, 0.0, 0.0, 0.0, 0.0, 0.0, 0.0, 0.0, 0.0, 0.0, 0.0, 0.0, 0.0], [0.0, 0.0, 0.0, 0.0, 0.0, 0.0, 0.0, 0.0, 0.0, 0.0, 0.0, 0.0, 0.0, 0.0, 0.0, 0.0, 0.0, 0.0, 0.0, 0.0, 0.0, 0.0, 0.0, 0.0, 0.0, 0.0, 0.0, 0.0]], [[0.0, 0.0, 0.0, 0.0, 0.0, 0.0, 0.0, 0.0, 0.0, 0.0, 0.0, 0.0, 0.0, 0.0, 0.0, 0.0, 0.0, 0.0, 0.0, 0.0, 0.0, 0.0, 0.0, 0.0, 0.0, 0.0, 0.0, 0.0], [0.0, 0.0, 0.0, 0.0, 0.0, 0.0, 0.0, 0.0, 0.0, 0.0, 0.0, 0.0, 0.0, 0.0, 0.0, 0.0, 0.0, 0.0, 0.0, 0.0, 0.0, 0.0, 0.0, 0.0, 0.0, 0.0, 0.0, 0.0], [0.0, 0.0, 0.0, 0.0, 0.0, 0.0, 0.0, 0.0, 0.0, 0.0, 0.0, 0.0, 0.0, 0.0, 0.0, 0.0, 0.0, 0.0, 0.0, 0.0, 0.0, 0.0, 0.0, 0.0, 0.0, 0.0, 0.0, 0.0], [0.0, 0.0, 0.0, 0.0, 0.0, 0.0, 0.0, 0.0, 0.0, 0.0, 0.0, 0.0, 0.0, 0.0, 0.0, 0.0, 0.0, 0.0, 0.0, 0.0, 0.0, 0.0, 0.0, 0.0, 0.0, 0.0, 0.0, 0.0]], [[0.0, 0.0, 0.0, 0.0, 0.0, 0.0, 0.0, 0.0, 0.0, 0.0, 0.0, 0.0, 0.0, 0.0, 0.0, 0.0, 0.0, 0.0, 0.0, 0.0, 0.0, 0.0, 0.0, 0.0, 0.0, 0.0, 0.0, 0.0], [0.0, 0.0, 0.0, 0.0, 0.0, 0.0, 0.0, 0.0, 0.0, 0.0, 0.0, 0.0, 0.0, 0.0, 0.0, 0.0, 0.0, 0.0, 0.0, 0.0, 0.0, 0.0, 0.0, 0.0, 0.0, 0.0, 0.0, 0.0], [0.0, 0.0, 0.0, 0.0, 0.0, 0.0, 0.0, 0.0, 0.0, 0.0, 0.0, 0.0, 0.0, 0.0, 0.0, 0.0, 0.0, 0.0, 0.0, 0.0, 0.0, 0.0, 0.0, 0.0, 0.0, 0.0, 0.0, 0.0], [0.0, 0.0, 0.0, 0.0, 0.0, 0.0, 0.0, 0.0, 0.0, 0.0, 0.0, 0.0, 0.0, 0.0, 0.0, 0.0, 0.0, 0.0, 0.0, 0.0, 0.0, 0.0, 0.0, 0.0, 0.0, 0.0, 0.0, 0.0]], [[0.0, 0.0, 0.0, 0.0, 0.0, 0.0, 0.0, 0.0, 0.0, 0.0, 0.0, 0.0, 0.0, 0.0, 0.0, 0.0, 0.0, 0.0, 0.0, 0.0, 0.0, 0.0, 0.0, 0.0, 0.0, 0.0, 0.0, 0.0], [0.0, 0.0, 0.0, 0.0, 0.0, 0.0, 0.0, 0.0, 0.0, 0.0, 0.0, 0.0, 0.0, 0.0, 0.0, 0.0, 0.0, 0.0, 0.0, 0.0, 0.0, 0.0, 0.0, 0.0, 0.0, 0.0, 0.0, 0.0], [0.0, 0.0, 0.0, 0.0, 0.0, 0.0, 0.0, 0.0, 0.0, 0.0, 0.0, 0.0, 0.0, 0.0, 0.0, 0.0, 0.0, 0.0, 0.0, 0.0, 0.0, 0.0, 0.0, 0.0, 0.0, 0.0, 0.0, 0.0], [0.0, 0.0, 0.0, 0.0, 0.0, 0.0, 0.0, 0.0, 0.0, 0.0, 0.0, 0.0, 0.0, 0.0, 0.0, 0.0, 0.0, 0.0, 0.0, 0.0, 0.0, 0.0, 0.0, 0.0, 0.0, 0.0, 0.0, 0.0]]];
t = [[99999999.0, 10.4217414778074, 5.554663474374596, 12.148745426816085, 14.184789682074285, 6.500364689760909, 7.7502290634875255, 8.979133784258789, 5.04469133856251, 13.771659753411612, 9.79866261379385, 9.301604303962897, 9.039837996938385, 11.650096548345662, 7.804183710642776, 11.847856903986015, 14.04256135493797, 10.641438800060214, 7.339784993424281, 12.616627546103938, 7.696012427884826, 12.190913987331092, 14.216205210535126, 5.052556656842528, 9.212356971395213, 5.669018300082232, 5.125470981695845, 9.375126937430547, 14.807814695049814, 9.32175692596217], [10.4217414778074, 99999999.0, 13.617000807786889, 7.031552100924002, 9.568473982707378, 11.992744373570925, 8.591593500156439, 8.130502353137228, 11.48429161057049, 12.274061314939104, 10.242561929027842, 8.348725953505731, 6.930000608624117, 12.012677505826145, 7.813779153648014, 12.207325287429043, 12.422956023825758, 11.953373932940412, 5.740113689722089, 5.760228448924024, 5.372988124710975, 7.104594075160148, 6.641609318394988, 10.760087546111881, 10.569346774361659, 5.359249262811502, 14.752383454256657, 11.19078884686907, 10.257891620615847, 9.406657222852619], [5.554663474374596, 13.617000807786889, 99999999.0, 5.985100770668756, 14.789243996126881, 9.716537745824324, 13.842525312249306, 14.463523219479885, 13.869368702361761, 9.525449982409425, 8.229269376501684, 13.714678113906665, 13.421614629637098, 14.462583309782236, 7.647298367028118, 8.835288388944921, 10.552600767230512, 9.96919508709183, 12.251278547854792, 14.940294852498079, 12.059707037215409, 5.020569070907203, 8.784664074584843, 5.264635271914536, 14.879253687332078, 13.258996857440374, 14.768608637249002, 9.834154044050237, 10.049761901679762, 6.598353145106975], [12.148745426816085, 7.031552100924002, 5.985100770668756, 99999999.0, 12.3521054014551, 6.105744507432079, 13.631500944981177, 6.597275126788576, 14.443729218034024, 6.224072982667809, 5.865146887429259, 5.520693442103452, 14.056209093430509, 11.024754246867117, 13.024795682897764, 12.95979505268548, 12.89289101175886, 8.365647643540015, 7.664421743438426, 14.397049695333653, 9.950757665865005, 5.520783491329331, 6.186759947131247, 9.85794026436233, 11.918920826703673, 8.859441396777745, 13.795202791869471, 9.75929458027295, 13.344528153600038, 11.528260379772187], [14.184789682074285, 9.568473982707378, 14.789243996126881, 12.3521054014551, 99999999.0, 7.071907867459053, 7.056803140626112, 14.16965912956839, 7.223375772202866, 12.215830960039067, 8.6720996367523, 5.412936659380918, 12.724880757980559, 14.578039416075853, 11.993266200191714, 6.114102126277794, 11.113780616854992, 14.210760344483804, 13.699472210971331, 6.021018799300647, 6.920487701926534, 10.264885980598995, 8.188822828715296, 14.668411357642224, 10.726096201122672, 12.176043216280853, 5.945288355350675, 14.9453193412528, 11.53767611342816, 8.458580320284193], [6.500364689760909, 11.992744373570925, 9.716537745824324, 6.105744507432079, 7.071907867459053, 99999999.0, 10.001500484567872, 9.037840193197798, 11.281876403723132, 11.367834906775778, 8.513561813439399, 6.251218666636506, 12.272743729284436, 10.890370878072769, 11.219356555438011, 8.581364691424913, 13.753077165877798, 7.332209108234729, 7.711892699988626, 11.669386338549451, 12.514755840469732, 14.935617273184592, 14.731841235978798, 14.960937630538245, 9.195690361918174, 11.918714092878098, 10.481046620787161, 11.400907758193908, 10.225907847983, 10.225495678323878], [7.7502290634875255, 8.591593500156439, 13.842525312249306, 13.631500944981177, 7.056803140626112, 10.001500484567872, 99999999.0, 9.089787667679662, 7.144905099626984, 8.182600035626209, 13.610889809598728, 9.773713868678438, 11.336378795941473, 5.784990519219698, 13.097327739339471, 13.791826361539632, 14.219703697587489, 5.169348005658986, 12.288884820253534, 8.652060016925972, 11.112254471514321, 12.065733972537634, 8.422866723302414, 13.730375938345574, 12.072051763763938, 12.29841856489645, 12.52124162867637, 6.118219048201212, 14.837445803666675, 5.451616942142717], [8.979133784258789, 8.130502353137228, 14.463523219479885, 6.597275126788576, 14.16965912956839, 9.037840193197798, 9.089787667679662, 99999999.0, 6.570092639195422, 12.344269746466084, 10.365315217785298, 9.221238006467214, 11.590361297643067, 8.01446956867451, 8.318953268165371, 14.512954124500002, 7.444039226930666, 11.687524130800611, 12.336122307801146, 11.614427072352703, 13.086025082408012, 7.982815593956563, 5.3808683714732455, 10.187295992527876, 10.227477090396235, 5.003890403348882, 12.0260660682415, 11.068578547479612, 13.808620897154594, 13.200502295965675], [5.04469133856251, 11.48429161057049, 13.869368702361761, 14.443729218034024, 7.223375772202866, 11.281876403723132, 7.144905099626984, 6.570092639195422, 99999999.0, 7.463707526883907, 12.091410278417627, 6.662149472611052, 12.053506140856948, 8.561496286271625, 12.474072690392132, 13.81470631487151, 8.023006496713684, 13.58407716661486, 6.915224332466725, 8.267535575503043, 11.164618188605912, 8.92023369303783, 6.586024541391813, 5.045231145907008, 6.381470883393502, 9.075916701706795, 12.968370110000055, 14.133713515183588, 11.716342153823343, 5.8800794751675465], [13.771659753411612, 12.274061314939104, 9.525449982409425, 6.224072982667809, 12.215830960039067, 11.367834906775778, 8.182600035626209, 12.344269746466084, 7.463707526883907, 99999999.0, 13.037753856915613, 7.185723557857987, 5.671335747222882, 12.713646151553162, 7.265141137353432, 9.99159037615133, 10.934501125251394, 11.458346532436444, 14.433282243601035, 5.08243507265167, 9.138264374597664, 11.07198993917107, 13.024829433080168, 13.941123088856001, 9.868015669506715, 6.296038500168624, 7.859876124243321, 12.651916970330765, 14.864821469758793, 14.12927551229521], [9.79866261379385, 10.242561929027842, 8.229269376501684, 5.865146887429259, 8.6720996367523, 8.513561813439399, 13.610889809598728, 10.365315217785298, 12.091410278417627, 13.037753856915613, 99999999.0, 7.16224399799844, 9.082224853952395, 11.985834019447504, 11.481107850655118, 9.213074774359136, 10.855407632419752, 10.685785019742188, 11.759361326321638, 11.6037461915609, 6.0703266137005185, 7.90597981592145, 8.617965525575233, 14.443104675908026, 10.73370774663821, 6.826181297563077, 12.939438613152431, 10.869626473192424, 12.327333988097688, 9.318432583188677], [9.301604303962897, 8.348725953505731, 13.714678113906665, 5.520693442103452, 5.412936659380918, 6.251218666636506, 9.773713868678438, 9.221238006467214, 6.662149472611052, 7.185723557857987, 7.16224399799844, 99999999.0, 13.287623607962972, 6.9168996492035895, 11.620577480752289, 10.191872121471054, 11.856411191632358, 10.401674446251338, 13.902224093428986, 14.809922016197316, 11.908181815235386, 5.251449298529457, 8.480283134013096, 8.92988499537374, 10.41033698197526, 7.198791434438679, 8.41903072087535, 7.659700901229271, 11.969761163014686, 11.50585344542866], [9.039837996938385, 6.930000608624117, 13.421614629637098, 14.056209093430509, 12.724880757980559, 12.272743729284436, 11.336378795941473, 11.590361297643067, 12.053506140856948, 5.671335747222882, 9.082224853952395, 13.287623607962972, 99999999.0, 8.098513414366806, 8.175463969431876, 13.267926426032156, 8.577675122326038, 10.060962327857245, 13.437481960342398, 14.623541453820145, 9.02930486832343, 9.85352848396614, 6.481262131650411, 13.215665329178723, 14.642552181858905, 6.251898836701816, 7.4372757381017145, 12.180697559499468, 8.955864421530638, 13.99647203805879], [11.650096548345662, 12.012677505826145, 14.462583309782236, 11.024754246867117, 14.578039416075853, 10.890370878072769, 5.784990519219698, 8.01446956867451, 8.561496286271625, 12.713646151553162, 11.985834019447504, 6.9168996492035895, 8.098513414366806, 99999999.0, 10.246064623263386, 14.971639365810633, 9.85908049454206, 11.063407092840905, 11.971441741868988, 6.451934859245972, 13.549264299064443, 6.565420121739916, 13.777973881146618, 6.3020309984682985, 10.86489209006911, 8.882474280463693, 12.265698545073427, 14.12448196223247, 12.387939147713157, 12.29203242484644], [7.804183710642776, 7.813779153648014, 7.647298367028118, 13.024795682897764, 11.993266200191714, 11.219356555438011, 13.097327739339471, 8.318953268165371, 12.474072690392132, 7.265141137353432, 11.481107850655118, 11.620577480752289, 8.175463969431876, 10.246064623263386, 99999999.0, 12.293598254173666, 6.8465720751559855, 6.290020011427906, 12.454171730471348, 11.474112239527818, 8.05239292573789, 12.659195566962017, 10.329611528609803, 5.162492152279147, 5.119148352543097, 8.774166477161248, 12.489752873361548, 13.924806178364111, 13.34781380366519, 13.525587457120277], [11.847856903986015, 12.207325287429043, 8.835288388944921, 12.95979505268548, 6.114102126277794, 8.581364691424913, 13.791826361539632, 14.512954124500002, 13.81470631487151, 9.99159037615133, 9.213074774359136, 10.191872121471054, 13.267926426032156, 14.971639365810633, 12.293598254173666, 99999999.0, 12.421452863855654, 9.674674576857898, 6.841272856788942, 6.380871575247342, 14.471794086460724, 6.427502689808278, 5.258273647174959, 6.825586762041191, 14.874614343633338, 10.415974415504659, 5.66104734704763, 13.554183678806389, 7.720371983261849, 8.114163043271276], [14.04256135493797, 12.422956023825758, 10.552600767230512, 12.89289101175886, 11.113780616854992, 13.753077165877798, 14.219703697587489, 7.444039226930666, 8.023006496713684, 10.934501125251394, 10.855407632419752, 11.856411191632358, 8.577675122326038, 9.85908049454206, 6.8465720751559855, 12.421452863855654, 99999999.0, 9.422409050914872, 14.335954474774725, 12.99164939807222, 10.501869703049966, 10.252812256293947, 5.72005037464616, 9.695739715335858, 14.00110848825033, 12.342005064668378, 6.9286099354814334, 12.292598642382611, 13.348747272375546, 9.4691895530577], [10.641438800060214, 11.953373932940412, 9.96919508709183, 8.365647643540015, 14.210760344483804, 7.332209108234729, 5.169348005658986, 11.687524130800611, 13.58407716661486, 11.458346532436444, 10.685785019742188, 10.401674446251338, 10.060962327857245, 11.063407092840905, 6.290020011427906, 9.674674576857898, 9.422409050914872, 99999999.0, 6.119383258875607, 13.140606563781356, 13.118142906283886, 12.156938993475443, 5.456480484865885, 10.604876260853068, 9.951282068153892, 7.204064405980861, 5.591894672343941, 14.441495104222321, 9.458720436744159, 13.160687039494528], [7.339784993424281, 5.740113689722089, 12.251278547854792, 7.664421743438426, 13.699472210971331, 7.711892699988626, 12.288884820253534, 12.336122307801146, 6.915224332466725, 14.433282243601035, 11.759361326321638, 13.902224093428986, 13.437481960342398, 11.971441741868988, 12.454171730471348, 6.841272856788942, 14.335954474774725, 6.119383258875607, 99999999.0, 12.967586407403914, 8.61651239823104, 12.47258248209909, 14.638753956181132, 10.862720903056593, 6.3766939334032084, 8.307708906998453, 6.75000004671655, 13.137776667942587, 6.045373459791601, 8.338357049310027], [12.616627546103938, 5.760228448924024, 14.940294852498079, 14.397049695333653, 6.021018799300647, 11.669386338549451, 8.652060016925972, 11.614427072352703, 8.267535575503043, 5.08243507265167, 11.6037461915609, 14.809922016197316, 14.623541453820145, 6.451934859245972, 11.474112239527818, 6.380871575247342, 12.99164939807222, 13.140606563781356, 12.967586407403914, 99999999.0, 9.027080928530768, 6.6579625406215985, 7.893304443550251, 14.667299346265109, 7.552846122511381, 11.216776540612432, 7.412218968414125, 5.169418859328408, 7.236654649918241, 8.105238318633265], [7.696012427884826, 5.372988124710975, 12.059707037215409, 9.950757665865005, 6.920487701926534, 12.514755840469732, 11.112254471514321, 13.086025082408012, 11.164618188605912, 9.138264374597664, 6.0703266137005185, 11.908181815235386, 9.02930486832343, 13.549264299064443, 8.05239292573789, 14.471794086460724, 10.501869703049966, 13.118142906283886, 8.61651239823104, 9.027080928530768, 99999999.0, 12.438276468363775, 5.248423355002247, 8.131670098155684, 8.006358124807628, 14.595157833949987, 13.683121350499084, 12.009821709171016, 13.734946342331666, 8.298474785386354], [12.190913987331092, 7.104594075160148, 5.020569070907203, 5.520783491329331, 10.264885980598995, 14.935617273184592, 12.065733972537634, 7.982815593956563, 8.92023369303783, 11.07198993917107, 7.90597981592145, 5.251449298529457, 9.85352848396614, 6.565420121739916, 12.659195566962017, 6.427502689808278, 10.252812256293947, 12.156938993475443, 12.47258248209909, 6.6579625406215985, 12.438276468363775, 99999999.0, 12.673382093951389, 12.768853133092431, 8.660089214464799, 7.331621757366723, 13.778268513299517, 14.812710019031064, 5.4436285607306925, 9.821336382495485], [14.216205210535126, 6.641609318394988, 8.784664074584843, 6.186759947131247, 8.188822828715296, 14.731841235978798, 8.422866723302414, 5.3808683714732455, 6.586024541391813, 13.024829433080168, 8.617965525575233, 8.480283134013096, 6.481262131650411, 13.777973881146618, 10.329611528609803, 5.258273647174959, 5.72005037464616, 5.456480484865885, 14.638753956181132, 7.893304443550251, 5.248423355002247, 12.673382093951389, 99999999.0, 14.637540522609115, 9.348127200643491, 12.488798027990468, 5.5059583955276805, 8.398045878376388, 6.112792276568207, 14.38868657614258], [5.052556656842528, 10.760087546111881, 5.264635271914536, 9.85794026436233, 14.668411357642224, 14.960937630538245, 13.730375938345574, 10.187295992527876, 5.045231145907008, 13.941123088856001, 14.443104675908026, 8.92988499537374, 13.215665329178723, 6.3020309984682985, 5.162492152279147, 6.825586762041191, 9.695739715335858, 10.604876260853068, 10.862720903056593, 14.667299346265109, 8.131670098155684, 12.768853133092431, 14.637540522609115, 99999999.0, 6.945489827080137, 6.894882636148671, 8.373182343400776, 8.707312122380472, 14.27813405081356, 10.563626920218129], [9.212356971395213, 10.569346774361659, 14.879253687332078, 11.918920826703673, 10.726096201122672, 9.195690361918174, 12.072051763763938, 10.227477090396235, 6.381470883393502, 9.868015669506715, 10.73370774663821, 10.41033698197526, 14.642552181858905, 10.86489209006911, 5.119148352543097, 14.874614343633338, 14.00110848825033, 9.951282068153892, 6.3766939334032084, 7.552846122511381, 8.006358124807628, 8.660089214464799, 9.348127200643491, 6.945489827080137, 99999999.0, 13.041272192538038, 5.911888550184723, 12.016665474107395, 9.44345995487609, 5.321902467350642], [5.669018300082232, 5.359249262811502, 13.258996857440374, 8.859441396777745, 12.176043216280853, 11.918714092878098, 12.29841856489645, 5.003890403348882, 9.075916701706795, 6.296038500168624, 6.826181297563077, 7.198791434438679, 6.251898836701816, 8.882474280463693, 8.774166477161248, 10.415974415504659, 12.342005064668378, 7.204064405980861, 8.307708906998453, 11.216776540612432, 14.595157833949987, 7.331621757366723, 12.488798027990468, 6.894882636148671, 13.041272192538038, 99999999.0, 12.986808978478292, 8.990591990725006, 11.704751943650553, 8.284241875236962], [5.125470981695845, 14.752383454256657, 14.768608637249002, 13.795202791869471, 5.945288355350675, 10.481046620787161, 12.52124162867637, 12.0260660682415, 12.968370110000055, 7.859876124243321, 12.939438613152431, 8.41903072087535, 7.4372757381017145, 12.265698545073427, 12.489752873361548, 5.66104734704763, 6.9286099354814334, 5.591894672343941, 6.75000004671655, 7.412218968414125, 13.683121350499084, 13.778268513299517, 5.5059583955276805, 8.373182343400776, 5.911888550184723, 12.986808978478292, 99999999.0, 5.557075418197113, 6.590381428292893, 8.821191660520931], [9.375126937430547, 11.19078884686907, 9.834154044050237, 9.75929458027295, 14.9453193412528, 11.400907758193908, 6.118219048201212, 11.068578547479612, 14.133713515183588, 12.651916970330765, 10.869626473192424, 7.659700901229271, 12.180697559499468, 14.12448196223247, 13.924806178364111, 13.554183678806389, 12.292598642382611, 14.441495104222321, 13.137776667942587, 5.169418859328408, 12.009821709171016, 14.812710019031064, 8.398045878376388, 8.707312122380472, 12.016665474107395, 8.990591990725006, 5.557075418197113, 99999999.0, 6.69755084310839, 7.182259276873463], [14.807814695049814, 10.257891620615847, 10.049761901679762, 13.344528153600038, 11.53767611342816, 10.225907847983, 14.837445803666675, 13.808620897154594, 11.716342153823343, 14.864821469758793, 12.327333988097688, 11.969761163014686, 8.955864421530638, 12.387939147713157, 13.34781380366519, 7.720371983261849, 13.348747272375546, 9.458720436744159, 6.045373459791601, 7.236654649918241, 13.734946342331666, 5.4436285607306925, 6.112792276568207, 14.27813405081356, 9.44345995487609, 11.704751943650553, 6.590381428292893, 6.69755084310839, 99999999.0, 5.71083442455529], [9.32175692596217, 9.406657222852619, 6.598353145106975, 11.528260379772187, 8.458580320284193, 10.225495678323878, 5.451616942142717, 13.200502295965675, 5.8800794751675465, 14.12927551229521, 9.318432583188677, 11.50585344542866, 13.99647203805879, 12.29203242484644, 13.525587457120277, 8.114163043271276, 9.4691895530577, 13.160687039494528, 8.338357049310027, 8.105238318633265, 8.298474785386354, 9.821336382495485, 14.38868657614258, 10.563626920218129, 5.321902467350642, 8.284241875236962, 8.821191660520931, 7.182259276873463, 5.71083442455529, 99999999.0]];
