M = 99999999.0;
numWorkers = 25;
numRoles = 4;
numNodes = 30;
wStart = [0, 176.94234388391828, 220.29628891099006, 25.626964270110545, 21.67994868715865, 367.22087993164826, 257.17933598046494, 124.41868878966051, 356.98210983400486, 312.94064504911535, 25.796335273122374, 270.7277293870896, 84.42709699981091, 217.95042055418153, 138.66226761314678, 249.48039596060406, 335.6793587593569, 203.02344483327707, 174.51936351553658, 355.6243458731593, 58.68211988786025, 178.18713744339914, 333.27794884603895, 249.6909061477619, 389.18031321474115, 340.6309013482553, 328.92013651025565, 178.43383553278971, 224.5198032891201, 0];
wEnd = [0, 207.24661110695726, 254.24661112641547, 60.05726561258264, 56.0025187201911, 400.2038980405747, 294.74866801150597, 153.58770147790747, 394.0168713783102, 346.7178684309076, 63.863826751878726, 304.6419234017011, 120.39648098631007, 252.38550889253804, 173.21896439150242, 276.6046372555944, 368.1931595296227, 229.79099772821607, 212.03599226794304, 385.63400418480677, 86.70027059846643, 211.42913939485595, 372.69508556094667, 287.6410702645951, 426.33185324009247, 371.8491680933003, 356.6321500035642, 217.62911712888643, 263.30337980283036, 450];
p = [0, 18.430317123897023, 14.06168702355527, 17.593921464321838, 9.253344362856296, 12.678119947785737, 14.062963773404695, 9.040230684371021, 17.119818964634916, 20.229656528863384, 13.421649814838105, 15.735138458319046, 22.79044051505783, 13.939341686110078, 11.61942380627798, 17.2132466339444, 17.288768484698036, 11.837285737093385, 14.881075782788471, 17.065945817396777, 10.089750572447931, 12.60818417757502, 10.847592478571343, 23.282966690587184, 16.900654491702696, 18.379483006491423, 11.53495438825017, 13.138646892641137, 18.83225736044179, 0];
e = [[0, 1, 1, 0], [1, 0, 1, 0], [0, 1, 1, 0], [0, 1, 1, 0], [1, 0, 1, 0], [1, 0, 0, 1], [0, 1, 1, 0], [1, 1, 0, 0], [1, 0, 0, 1], [0, 1, 0, 1], [0, 0, 1, 1], [1, 0, 1, 0], [0, 1, 0, 1], [1, 0, 0, 0], [1, 0, 0, 1], [1, 0, 0, 1], [0, 0, 0, 1], [0, 1, 0, 0], [0, 0, 0, 1], [0, 0, 1, 0], [0, 1, 0, 0], [0, 0, 1, 0], [1, 0, 0, 0], [0, 0, 0, 1], [0, 1, 0, 0]];
d = [[0, 2, 2, 1, 0, 2, 1, 1, 2, 2, 0, 0, 2, 0, 3, 2, 1, 0, 2, 3, 0, 1, 0, 1, 2, 0, 1, 3], [2, 2, 2, 2, 4, 0, 1, 2, 3, 1, 1, 2, 1, 4, 1, 2, 0, 1, 1, 1, 2, 2, 1, 1, 0, 0, 0, 0], [1, 3, 3, 0, 0, 2, 0, 0, 1, 0, 2, 1, 2, 2, 1, 2, 1, 0, 1, 3, 0, 2, 2, 5, 0, 1, 2, 3], [3, 1, 1, 1, 2, 2, 2, 4, 1, 2, 1, 1, 0, 0, 1, 0, 1, 3, 0, 1, 1, 0, 1, 0, 1, 2, 2, 1]];
r = [169.34214321089308, 173.8233941595433, 97.23569554775744, 51.116689052401156, 115.81920722179149, 54.06987290730672, 189.8938333673202, 157.4470269930801, 152.20323275749814, 98.66957686385487, 121.39657344833772, 80.71557796409459, 83.45894834109166, 89.4087428790967, 176.8508528737853, 159.13508416194728, 132.9798557985855, 188.46981901175272, 182.88542854374305, 73.49254559064983, 88.01407867376174, 131.86685027577622, 139.01668001325254, 86.99503997458496, 164.3638571955192, 86.9553795356391, 171.52623316943044, 185.48081680017503];
b = [[[0.0, 0.0, 0.0, 0.0, 0.0, 0.0, 0.0, 0.0, 0.0, 0.0, 0.0, 0.0, 0.0, 0.0, 0.0, 0.0, 0.0, 0.0, 0.0, 0.0, 0.0, 0.0, 0.0, 0.0, 0.0, 0.0, 0.0, 0.0], [0.0, 0.0, 0.0, 0.0, 0.0, 0.0, 0.0, 0.0, 0.0, 0.0, 0.0, 0.0, 0.0, 0.0, 0.0, 0.0, 0.0, 0.0, 0.0, 0.0, 0.0, 0.0, 0.0, 0.0, 0.0, 0.0, 0.0, 0.0], [0.0, 0.0, 0.0, 0.0, 0.0, 0.0, 0.0, 0.0, 0.0, 0.0, 0.0, 0.0, 0.0, 0.0, 0.0, 0.0, 0.0, 0.0, 0.0, 0.0, 0.0, 0.0, 0.0, 0.0, 0.0, 0.0, 0.0, 0.0], [0.0, 0.0, 0.0, 0.0, 0.0, 0.0, 0.0, 0.0, 0.0, 0.0, 0.0, 0.0, 0.0, 0.0, 0.0, 0.0, 0.0, 0.0, 0.0, 0.0, 0.0, 0.0, 0.0, 0.0, 0.0, 0.0, 0.0, 0.0]], [[0.0, 0.0, 0.0, 0.0, 0.0, 0.0, 0.0, 0.0, 0.0, 0.0, 0.0, 0.0, 0.0, 0.0, 0.0, 0.0, 0.0, 0.0, 0.0, 0.0, 0.0, 0.0, 0.0, 0.0, 0.0, 0.0, 0.0, 0.0], [0.0, 0.0, 0.0, 0.0, 0.0, 0.0, 0.0, 0.0, 0.0, 0.0, 0.0, 0.0, 0.0, 0.0, 0.0, 0.0, 0.0, 0.0, 0.0, 0.0, 0.0, 0.0, 0.0, 0.0, 0.0, 0.0, 0.0, 0.0], [0.0, 0.0, 0.0, 0.0, 0.0, 0.0, 0.0, 0.0, 0.0, 0.0, 0.0, 0.0, 0.0, 0.0, 0.0, 0.0, 0.0, 0.0, 0.0, 0.0, 0.0, 0.0, 0.0, 0.0, 0.0, 0.0, 0.0, 0.0], [0.0, 0.0, 0.0, 0.0, 0.0, 0.0, 0.0, 0.0, 0.0, 0.0, 0.0, 0.0, 0.0, 0.0, 0.0, 0.0, 0.0, 0.0, 0.0, 0.0, 0.0, 0.0, 0.0, 0.0, 0.0, 0.0, 0.0, 0.0]], [[0.0, 0.0, 0.0, 0.0, 0.0, 0.0, 0.0, 0.0, 0.0, 0.0, 0.0, 0.0, 0.0, 0.0, 0.0, 0.0, 0.0, 0.0, 0.0, 0.0, 0.0, 0.0, 0.0, 0.0, 0.0, 0.0, 0.0, 0.0], [0.0, 0.0, 0.0, 0.0, 0.0, 0.0, 0.0, 0.0, 0.0, 0.0, 0.0, 0.0, 0.0, 0.0, 0.0, 0.0, 0.0, 0.0, 0.0, 0.0, 0.0, 0.0, 0.0, 0.0, 0.0, 0.0, 0.0, 0.0], [0.0, 0.0, 0.0, 0.0, 0.0, 0.0, 0.0, 0.0, 0.0, 0.0, 0.0, 0.0, 0.0, 0.0, 0.0, 0.0, 0.0, 0.0, 0.0, 0.0, 0.0, 0.0, 0.0, 0.0, 0.0, 0.0, 0.0, 0.0], [0.0, 0.0, 0.0, 0.0, 0.0, 0.0, 0.0, 0.0, 0.0, 0.0, 0.0, 0.0, 0.0, 0.0, 0.0, 0.0, 0.0, 0.0, 0.0, 0.0, 0.0, 0.0, 0.0, 0.0, 0.0, 0.0, 0.0, 0.0]], [[0.0, 0.0, 0.0, 0.0, 0.0, 0.0, 0.0, 0.0, 0.0, 0.0, 0.0, 0.0, 0.0, 0.0, 0.0, 0.0, 0.0, 0.0, 0.0, 0.0, 0.0, 0.0, 0.0, 0.0, 0.0, 0.0, 0.0, 0.0], [0.0, 0.0, 0.0, 0.0, 0.0, 0.0, 0.0, 0.0, 0.0, 0.0, 0.0, 0.0, 0.0, 0.0, 0.0, 0.0, 0.0, 0.0, 0.0, 0.0, 0.0, 0.0, 0.0, 0.0, 0.0, 0.0, 0.0, 0.0], [0.0, 0.0, 0.0, 0.0, 0.0, 0.0, 0.0, 0.0, 0.0, 0.0, 0.0, 0.0, 0.0, 0.0, 0.0, 0.0, 0.0, 0.0, 0.0, 0.0, 0.0, 0.0, 0.0, 0.0, 0.0, 0.0, 0.0, 0.0], [0.0, 0.0, 0.0, 0.0, 0.0, 0.0, 0.0, 0.0, 0.0, 0.0, 0.0, 0.0, 0.0, 0.0, 0.0, 0.0, 0.0, 0.0, 0.0, 0.0, 0.0, 0.0, 0.0, 0.0, 0.0, 0.0, 0.0, 0.0]], [[0.0, 0.0, 0.0, 0.0, 0.0, 0.0, 0.0, 0.0, 0.0, 0.0, 0.0, 0.0, 0.0, 0.0, 0.0, 0.0, 0.0, 0.0, 0.0, 0.0, 0.0, 0.0, 0.0, 0.0, 0.0, 0.0, 0.0, 0.0], [0.0, 0.0, 0.0, 0.0, 0.0, 0.0, 0.0, 0.0, 0.0, 0.0, 0.0, 0.0, 0.0, 0.0, 0.0, 0.0, 0.0, 0.0, 0.0, 0.0, 0.0, 0.0, 0.0, 0.0, 0.0, 0.0, 0.0, 0.0], [0.0, 0.0, 0.0, 0.0, 0.0, 0.0, 0.0, 0.0, 0.0, 0.0, 0.0, 0.0, 0.0, 0.0, 0.0, 0.0, 0.0, 0.0, 0.0, 0.0, 0.0, 0.0, 0.0, 0.0, 0.0, 0.0, 0.0, 0.0], [0.0, 0.0, 0.0, 0.0, 0.0, 0.0, 0.0, 0.0, 0.0, 0.0, 0.0, 0.0, 0.0, 0.0, 0.0, 0.0, 0.0, 0.0, 0.0, 0.0, 0.0, 0.0, 0.0, 0.0, 0.0, 0.0, 0.0, 0.0]], [[0.0, 0.0, 0.0, 0.0, 0.0, 0.0, 0.0, 0.0, 0.0, 0.0, 0.0, 0.0, 0.0, 0.0, 0.0, 0.0, 0.0, 0.0, 0.0, 0.0, 0.0, 0.0, 0.0, 0.0, 0.0, 0.0, 0.0, 0.0], [0.0, 0.0, 0.0, 0.0, 0.0, 0.0, 0.0, 0.0, 0.0, 0.0, 0.0, 0.0, 0.0, 0.0, 0.0, 0.0, 0.0, 0.0, 0.0, 0.0, 0.0, 0.0, 0.0, 0.0, 0.0, 0.0, 0.0, 0.0], [0.0, 0.0, 0.0, 0.0, 0.0, 0.0, 0.0, 0.0, 0.0, 0.0, 0.0, 0.0, 0.0, 0.0, 0.0, 0.0, 0.0, 0.0, 0.0, 0.0, 0.0, 0.0, 0.0, 0.0, 0.0, 0.0, 0.0, 0.0], [0.0, 0.0, 0.0, 0.0, 0.0, 0.0, 0.0, 0.0, 0.0, 0.0, 0.0, 0.0, 0.0, 0.0, 0.0, 0.0, 0.0, 0.0, 0.0, 0.0, 0.0, 0.0, 0.0, 0.0, 0.0, 0.0, 0.0, 0.0]], [[0.0, 0.0, 0.0, 0.0, 0.0, 0.0, 0.0, 0.0, 0.0, 0.0, 0.0, 0.0, 0.0, 0.0, 0.0, 0.0, 0.0, 0.0, 0.0, 0.0, 0.0, 0.0, 0.0, 0.0, 0.0, 0.0, 0.0, 0.0], [0.0, 0.0, 0.0, 0.0, 0.0, 0.0, 0.0, 0.0, 0.0, 0.0, 0.0, 0.0, 0.0, 0.0, 0.0, 0.0, 0.0, 0.0, 0.0, 0.0, 0.0, 0.0, 0.0, 0.0, 0.0, 0.0, 0.0, 0.0], [0.0, 0.0, 0.0, 0.0, 0.0, 0.0, 0.0, 0.0, 0.0, 0.0, 0.0, 0.0, 0.0, 0.0, 0.0, 0.0, 0.0, 0.0, 0.0, 0.0, 0.0, 0.0, 0.0, 0.0, 0.0, 0.0, 0.0, 0.0], [0.0, 0.0, 0.0, 0.0, 0.0, 0.0, 0.0, 0.0, 0.0, 0.0, 0.0, 0.0, 0.0, 0.0, 0.0, 0.0, 0.0, 0.0, 0.0, 0.0, 0.0, 0.0, 0.0, 0.0, 0.0, 0.0, 0.0, 0.0]], [[0.0, 0.0, 0.0, 0.0, 0.0, 0.0, 0.0, 0.0, 0.0, 0.0, 0.0, 0.0, 0.0, 0.0, 0.0, 0.0, 0.0, 0.0, 0.0, 0.0, 0.0, 0.0, 0.0, 0.0, 0.0, 0.0, 0.0, 0.0], [0.0, 0.0, 0.0, 0.0, 0.0, 0.0, 0.0, 0.0, 0.0, 0.0, 0.0, 0.0, 0.0, 0.0, 0.0, 0.0, 0.0, 0.0, 0.0, 0.0, 0.0, 0.0, 0.0, 0.0, 0.0, 0.0, 0.0, 0.0], [0.0, 0.0, 0.0, 0.0, 0.0, 0.0, 0.0, 0.0, 0.0, 0.0, 0.0, 0.0, 0.0, 0.0, 0.0, 0.0, 0.0, 0.0, 0.0, 0.0, 0.0, 0.0, 0.0, 0.0, 0.0, 0.0, 0.0, 0.0], [0.0, 0.0, 0.0, 0.0, 0.0, 0.0, 0.0, 0.0, 0.0, 0.0, 0.0, 0.0, 0.0, 0.0, 0.0, 0.0, 0.0, 0.0, 0.0, 0.0, 0.0, 0.0, 0.0, 0.0, 0.0, 0.0, 0.0, 0.0]], [[0.0, 0.0, 0.0, 0.0, 0.0, 0.0, 0.0, 0.0, 0.0, 0.0, 0.0, 0.0, 0.0, 0.0, 0.0, 0.0, 0.0, 0.0, 0.0, 0.0, 0.0, 0.0, 0.0, 0.0, 0.0, 0.0, 0.0, 0.0], [0.0, 0.0, 0.0, 0.0, 0.0, 0.0, 0.0, 0.0, 0.0, 0.0, 0.0, 0.0, 0.0, 0.0, 0.0, 0.0, 0.0, 0.0, 0.0, 0.0, 0.0, 0.0, 0.0, 0.0, 0.0, 0.0, 0.0, 0.0], [0.0, 0.0, 0.0, 0.0, 0.0, 0.0, 0.0, 0.0, 0.0, 0.0, 0.0, 0.0, 0.0, 0.0, 0.0, 0.0, 0.0, 0.0, 0.0, 0.0, 0.0, 0.0, 0.0, 0.0, 0.0, 0.0, 0.0, 0.0], [0.0, 0.0, 0.0, 0.0, 0.0, 0.0, 0.0, 0.0, 0.0, 0.0, 0.0, 0.0, 0.0, 0.0, 0.0, 0.0, 0.0, 0.0, 0.0, 0.0, 0.0, 0.0, 0.0, 0.0, 0.0, 0.0, 0.0, 0.0]], [[0.0, 0.0, 0.0, 0.0, 0.0, 0.0, 0.0, 0.0, 0.0, 0.0, 0.0, 0.0, 0.0, 0.0, 0.0, 0.0, 0.0, 0.0, 0.0, 0.0, 0.0, 0.0, 0.0, 0.0, 0.0, 0.0, 0.0, 0.0], [0.0, 0.0, 0.0, 0.0, 0.0, 0.0, 0.0, 0.0, 0.0, 0.0, 0.0, 0.0, 0.0, 0.0, 0.0, 0.0, 0.0, 0.0, 0.0, 0.0, 0.0, 0.0, 0.0, 0.0, 0.0, 0.0, 0.0, 0.0], [0.0, 0.0, 0.0, 0.0, 0.0, 0.0, 0.0, 0.0, 0.0, 0.0, 0.0, 0.0, 0.0, 0.0, 0.0, 0.0, 0.0, 0.0, 0.0, 0.0, 0.0, 0.0, 0.0, 0.0, 0.0, 0.0, 0.0, 0.0], [0.0, 0.0, 0.0, 0.0, 0.0, 0.0, 0.0, 0.0, 0.0, 0.0, 0.0, 0.0, 0.0, 0.0, 0.0, 0.0, 0.0, 0.0, 0.0, 0.0, 0.0, 0.0, 0.0, 0.0, 0.0, 0.0, 0.0, 0.0]], [[0.0, 0.0, 0.0, 0.0, 0.0, 0.0, 0.0, 0.0, 0.0, 0.0, 0.0, 0.0, 0.0, 0.0, 0.0, 0.0, 0.0, 0.0, 0.0, 0.0, 0.0, 0.0, 0.0, 0.0, 0.0, 0.0, 0.0, 0.0], [0.0, 0.0, 0.0, 0.0, 0.0, 0.0, 0.0, 0.0, 0.0, 0.0, 0.0, 0.0, 0.0, 0.0, 0.0, 0.0, 0.0, 0.0, 0.0, 0.0, 0.0, 0.0, 0.0, 0.0, 0.0, 0.0, 0.0, 0.0], [0.0, 0.0, 0.0, 0.0, 0.0, 0.0, 0.0, 0.0, 0.0, 0.0, 0.0, 0.0, 0.0, 0.0, 0.0, 0.0, 0.0, 0.0, 0.0, 0.0, 0.0, 0.0, 0.0, 0.0, 0.0, 0.0, 0.0, 0.0], [0.0, 0.0, 0.0, 0.0, 0.0, 0.0, 0.0, 0.0, 0.0, 0.0, 0.0, 0.0, 0.0, 0.0, 0.0, 0.0, 0.0, 0.0, 0.0, 0.0, 0.0, 0.0, 0.0, 0.0, 0.0, 0.0, 0.0, 0.0]], [[0.0, 0.0, 0.0, 0.0, 0.0, 0.0, 0.0, 0.0, 0.0, 0.0, 0.0, 0.0, 0.0, 0.0, 0.0, 0.0, 0.0, 0.0, 0.0, 0.0, 0.0, 0.0, 0.0, 0.0, 0.0, 0.0, 0.0, 0.0], [0.0, 0.0, 0.0, 0.0, 0.0, 0.0, 0.0, 0.0, 0.0, 0.0, 0.0, 0.0, 0.0, 0.0, 0.0, 0.0, 0.0, 0.0, 0.0, 0.0, 0.0, 0.0, 0.0, 0.0, 0.0, 0.0, 0.0, 0.0], [0.0, 0.0, 0.0, 0.0, 0.0, 0.0, 0.0, 0.0, 0.0, 0.0, 0.0, 0.0, 0.0, 0.0, 0.0, 0.0, 0.0, 0.0, 0.0, 0.0, 0.0, 0.0, 0.0, 0.0, 0.0, 0.0, 0.0, 0.0], [0.0, 0.0, 0.0, 0.0, 0.0, 0.0, 0.0, 0.0, 0.0, 0.0, 0.0, 0.0, 0.0, 0.0, 0.0, 0.0, 0.0, 0.0, 0.0, 0.0, 0.0, 0.0, 0.0, 0.0, 0.0, 0.0, 0.0, 0.0]], [[0.0, 0.0, 0.0, 0.0, 0.0, 0.0, 0.0, 0.0, 0.0, 0.0, 0.0, 0.0, 0.0, 0.0, 0.0, 0.0, 0.0, 0.0, 0.0, 0.0, 0.0, 0.0, 0.0, 0.0, 0.0, 0.0, 0.0, 0.0], [0.0, 0.0, 0.0, 0.0, 0.0, 0.0, 0.0, 0.0, 0.0, 0.0, 0.0, 0.0, 0.0, 0.0, 0.0, 0.0, 0.0, 0.0, 0.0, 0.0, 0.0, 0.0, 0.0, 0.0, 0.0, 0.0, 0.0, 0.0], [0.0, 0.0, 0.0, 0.0, 0.0, 0.0, 0.0, 0.0, 0.0, 0.0, 0.0, 0.0, 0.0, 0.0, 0.0, 0.0, 0.0, 0.0, 0.0, 0.0, 0.0, 0.0, 0.0, 0.0, 0.0, 0.0, 0.0, 0.0], [0.0, 0.0, 0.0, 0.0, 0.0, 0.0, 0.0, 0.0, 0.0, 0.0, 0.0, 0.0, 0.0, 0.0, 0.0, 0.0, 0.0, 0.0, 0.0, 0.0, 0.0, 0.0, 0.0, 0.0, 0.0, 0.0, 0.0, 0.0]], [[0.0, 0.0, 0.0, 0.0, 0.0, 0.0, 0.0, 0.0, 0.0, 0.0, 0.0, 0.0, 0.0, 0.0, 0.0, 0.0, 0.0, 0.0, 0.0, 0.0, 0.0, 0.0, 0.0, 0.0, 0.0, 0.0, 0.0, 0.0], [0.0, 0.0, 0.0, 0.0, 0.0, 0.0, 0.0, 0.0, 0.0, 0.0, 0.0, 0.0, 0.0, 0.0, 0.0, 0.0, 0.0, 0.0, 0.0, 0.0, 0.0, 0.0, 0.0, 0.0, 0.0, 0.0, 0.0, 0.0], [0.0, 0.0, 0.0, 0.0, 0.0, 0.0, 0.0, 0.0, 0.0, 0.0, 0.0, 0.0, 0.0, 0.0, 0.0, 0.0, 0.0, 0.0, 0.0, 0.0, 0.0, 0.0, 0.0, 0.0, 0.0, 0.0, 0.0, 0.0], [0.0, 0.0, 0.0, 0.0, 0.0, 0.0, 0.0, 0.0, 0.0, 0.0, 0.0, 0.0, 0.0, 0.0, 0.0, 0.0, 0.0, 0.0, 0.0, 0.0, 0.0, 0.0, 0.0, 0.0, 0.0, 0.0, 0.0, 0.0]], [[0.0, 0.0, 0.0, 0.0, 0.0, 0.0, 0.0, 0.0, 0.0, 0.0, 0.0, 0.0, 0.0, 0.0, 0.0, 0.0, 0.0, 0.0, 0.0, 0.0, 0.0, 0.0, 0.0, 0.0, 0.0, 0.0, 0.0, 0.0], [0.0, 0.0, 0.0, 0.0, 0.0, 0.0, 0.0, 0.0, 0.0, 0.0, 0.0, 0.0, 0.0, 0.0, 0.0, 0.0, 0.0, 0.0, 0.0, 0.0, 0.0, 0.0, 0.0, 0.0, 0.0, 0.0, 0.0, 0.0], [0.0, 0.0, 0.0, 0.0, 0.0, 0.0, 0.0, 0.0, 0.0, 0.0, 0.0, 0.0, 0.0, 0.0, 0.0, 0.0, 0.0, 0.0, 0.0, 0.0, 0.0, 0.0, 0.0, 0.0, 0.0, 0.0, 0.0, 0.0], [0.0, 0.0, 0.0, 0.0, 0.0, 0.0, 0.0, 0.0, 0.0, 0.0, 0.0, 0.0, 0.0, 0.0, 0.0, 0.0, 0.0, 0.0, 0.0, 0.0, 0.0, 0.0, 0.0, 0.0, 0.0, 0.0, 0.0, 0.0]], [[0.0, 0.0, 0.0, 0.0, 0.0, 0.0, 0.0, 0.0, 0.0, 0.0, 0.0, 0.0, 0.0, 0.0, 0.0, 0.0, 0.0, 0.0, 0.0, 0.0, 0.0, 0.0, 0.0, 0.0, 0.0, 0.0, 0.0, 0.0], [0.0, 0.0, 0.0, 0.0, 0.0, 0.0, 0.0, 0.0, 0.0, 0.0, 0.0, 0.0, 0.0, 0.0, 0.0, 0.0, 0.0, 0.0, 0.0, 0.0, 0.0, 0.0, 0.0, 0.0, 0.0, 0.0, 0.0, 0.0], [0.0, 0.0, 0.0, 0.0, 0.0, 0.0, 0.0, 0.0, 0.0, 0.0, 0.0, 0.0, 0.0, 0.0, 0.0, 0.0, 0.0, 0.0, 0.0, 0.0, 0.0, 0.0, 0.0, 0.0, 0.0, 0.0, 0.0, 0.0], [0.0, 0.0, 0.0, 0.0, 0.0, 0.0, 0.0, 0.0, 0.0, 0.0, 0.0, 0.0, 0.0, 0.0, 0.0, 0.0, 0.0, 0.0, 0.0, 0.0, 0.0, 0.0, 0.0, 0.0, 0.0, 0.0, 0.0, 0.0]], [[0.0, 0.0, 0.0, 0.0, 0.0, 0.0, 0.0, 0.0, 0.0, 0.0, 0.0, 0.0, 0.0, 0.0, 0.0, 0.0, 0.0, 0.0, 0.0, 0.0, 0.0, 0.0, 0.0, 0.0, 0.0, 0.0, 0.0, 0.0], [0.0, 0.0, 0.0, 0.0, 0.0, 0.0, 0.0, 0.0, 0.0, 0.0, 0.0, 0.0, 0.0, 0.0, 0.0, 0.0, 0.0, 0.0, 0.0, 0.0, 0.0, 0.0, 0.0, 0.0, 0.0, 0.0, 0.0, 0.0], [0.0, 0.0, 0.0, 0.0, 0.0, 0.0, 0.0, 0.0, 0.0, 0.0, 0.0, 0.0, 0.0, 0.0, 0.0, 0.0, 0.0, 0.0, 0.0, 0.0, 0.0, 0.0, 0.0, 0.0, 0.0, 0.0, 0.0, 0.0], [0.0, 0.0, 0.0, 0.0, 0.0, 0.0, 0.0, 0.0, 0.0, 0.0, 0.0, 0.0, 0.0, 0.0, 0.0, 0.0, 0.0, 0.0, 0.0, 0.0, 0.0, 0.0, 0.0, 0.0, 0.0, 0.0, 0.0, 0.0]], [[0.0, 0.0, 0.0, 0.0, 0.0, 0.0, 0.0, 0.0, 0.0, 0.0, 0.0, 0.0, 0.0, 0.0, 0.0, 0.0, 0.0, 0.0, 0.0, 0.0, 0.0, 0.0, 0.0, 0.0, 0.0, 0.0, 0.0, 0.0], [0.0, 0.0, 0.0, 0.0, 0.0, 0.0, 0.0, 0.0, 0.0, 0.0, 0.0, 0.0, 0.0, 0.0, 0.0, 0.0, 0.0, 0.0, 0.0, 0.0, 0.0, 0.0, 0.0, 0.0, 0.0, 0.0, 0.0, 0.0], [0.0, 0.0, 0.0, 0.0, 0.0, 0.0, 0.0, 0.0, 0.0, 0.0, 0.0, 0.0, 0.0, 0.0, 0.0, 0.0, 0.0, 0.0, 0.0, 0.0, 0.0, 0.0, 0.0, 0.0, 0.0, 0.0, 0.0, 0.0], [0.0, 0.0, 0.0, 0.0, 0.0, 0.0, 0.0, 0.0, 0.0, 0.0, 0.0, 0.0, 0.0, 0.0, 0.0, 0.0, 0.0, 0.0, 0.0, 0.0, 0.0, 0.0, 0.0, 0.0, 0.0, 0.0, 0.0, 0.0]], [[0.0, 0.0, 0.0, 0.0, 0.0, 0.0, 0.0, 0.0, 0.0, 0.0, 0.0, 0.0, 0.0, 0.0, 0.0, 0.0, 0.0, 0.0, 0.0, 0.0, 0.0, 0.0, 0.0, 0.0, 0.0, 0.0, 0.0, 0.0], [0.0, 0.0, 0.0, 0.0, 0.0, 0.0, 0.0, 0.0, 0.0, 0.0, 0.0, 0.0, 0.0, 0.0, 0.0, 0.0, 0.0, 0.0, 0.0, 0.0, 0.0, 0.0, 0.0, 0.0, 0.0, 0.0, 0.0, 0.0], [0.0, 0.0, 0.0, 0.0, 0.0, 0.0, 0.0, 0.0, 0.0, 0.0, 0.0, 0.0, 0.0, 0.0, 0.0, 0.0, 0.0, 0.0, 0.0, 0.0, 0.0, 0.0, 0.0, 0.0, 0.0, 0.0, 0.0, 0.0], [0.0, 0.0, 0.0, 0.0, 0.0, 0.0, 0.0, 0.0, 0.0, 0.0, 0.0, 0.0, 0.0, 0.0, 0.0, 0.0, 0.0, 0.0, 0.0, 0.0, 0.0, 0.0, 0.0, 0.0, 0.0, 0.0, 0.0, 0.0]], [[0.0, 0.0, 0.0, 0.0, 0.0, 0.0, 0.0, 0.0, 0.0, 0.0, 0.0, 0.0, 0.0, 0.0, 0.0, 0.0, 0.0, 0.0, 0.0, 0.0, 0.0, 0.0, 0.0, 0.0, 0.0, 0.0, 0.0, 0.0], [0.0, 0.0, 0.0, 0.0, 0.0, 0.0, 0.0, 0.0, 0.0, 0.0, 0.0, 0.0, 0.0, 0.0, 0.0, 0.0, 0.0, 0.0, 0.0, 0.0, 0.0, 0.0, 0.0, 0.0, 0.0, 0.0, 0.0, 0.0], [0.0, 0.0, 0.0, 0.0, 0.0, 0.0, 0.0, 0.0, 0.0, 0.0, 0.0, 0.0, 0.0, 0.0, 0.0, 0.0, 0.0, 0.0, 0.0, 0.0, 0.0, 0.0, 0.0, 0.0, 0.0, 0.0, 0.0, 0.0], [0.0, 0.0, 0.0, 0.0, 0.0, 0.0, 0.0, 0.0, 0.0, 0.0, 0.0, 0.0, 0.0, 0.0, 0.0, 0.0, 0.0, 0.0, 0.0, 0.0, 0.0, 0.0, 0.0, 0.0, 0.0, 0.0, 0.0, 0.0]], [[0.0, 0.0, 0.0, 0.0, 0.0, 0.0, 0.0, 0.0, 0.0, 0.0, 0.0, 0.0, 0.0, 0.0, 0.0, 0.0, 0.0, 0.0, 0.0, 0.0, 0.0, 0.0, 0.0, 0.0, 0.0, 0.0, 0.0, 0.0], [0.0, 0.0, 0.0, 0.0, 0.0, 0.0, 0.0, 0.0, 0.0, 0.0, 0.0, 0.0, 0.0, 0.0, 0.0, 0.0, 0.0, 0.0, 0.0, 0.0, 0.0, 0.0, 0.0, 0.0, 0.0, 0.0, 0.0, 0.0], [0.0, 0.0, 0.0, 0.0, 0.0, 0.0, 0.0, 0.0, 0.0, 0.0, 0.0, 0.0, 0.0, 0.0, 0.0, 0.0, 0.0, 0.0, 0.0, 0.0, 0.0, 0.0, 0.0, 0.0, 0.0, 0.0, 0.0, 0.0], [0.0, 0.0, 0.0, 0.0, 0.0, 0.0, 0.0, 0.0, 0.0, 0.0, 0.0, 0.0, 0.0, 0.0, 0.0, 0.0, 0.0, 0.0, 0.0, 0.0, 0.0, 0.0, 0.0, 0.0, 0.0, 0.0, 0.0, 0.0]], [[0.0, 0.0, 0.0, 0.0, 0.0, 0.0, 0.0, 0.0, 0.0, 0.0, 0.0, 0.0, 0.0, 0.0, 0.0, 0.0, 0.0, 0.0, 0.0, 0.0, 0.0, 0.0, 0.0, 0.0, 0.0, 0.0, 0.0, 0.0], [0.0, 0.0, 0.0, 0.0, 0.0, 0.0, 0.0, 0.0, 0.0, 0.0, 0.0, 0.0, 0.0, 0.0, 0.0, 0.0, 0.0, 0.0, 0.0, 0.0, 0.0, 0.0, 0.0, 0.0, 0.0, 0.0, 0.0, 0.0], [0.0, 0.0, 0.0, 0.0, 0.0, 0.0, 0.0, 0.0, 0.0, 0.0, 0.0, 0.0, 0.0, 0.0, 0.0, 0.0, 0.0, 0.0, 0.0, 0.0, 0.0, 0.0, 0.0, 0.0, 0.0, 0.0, 0.0, 0.0], [0.0, 0.0, 0.0, 0.0, 0.0, 0.0, 0.0, 0.0, 0.0, 0.0, 0.0, 0.0, 0.0, 0.0, 0.0, 0.0, 0.0, 0.0, 0.0, 0.0, 0.0, 0.0, 0.0, 0.0, 0.0, 0.0, 0.0, 0.0]], [[0.0, 0.0, 0.0, 0.0, 0.0, 0.0, 0.0, 0.0, 0.0, 0.0, 0.0, 0.0, 0.0, 0.0, 0.0, 0.0, 0.0, 0.0, 0.0, 0.0, 0.0, 0.0, 0.0, 0.0, 0.0, 0.0, 0.0, 0.0], [0.0, 0.0, 0.0, 0.0, 0.0, 0.0, 0.0, 0.0, 0.0, 0.0, 0.0, 0.0, 0.0, 0.0, 0.0, 0.0, 0.0, 0.0, 0.0, 0.0, 0.0, 0.0, 0.0, 0.0, 0.0, 0.0, 0.0, 0.0], [0.0, 0.0, 0.0, 0.0, 0.0, 0.0, 0.0, 0.0, 0.0, 0.0, 0.0, 0.0, 0.0, 0.0, 0.0, 0.0, 0.0, 0.0, 0.0, 0.0, 0.0, 0.0, 0.0, 0.0, 0.0, 0.0, 0.0, 0.0], [0.0, 0.0, 0.0, 0.0, 0.0, 0.0, 0.0, 0.0, 0.0, 0.0, 0.0, 0.0, 0.0, 0.0, 0.0, 0.0, 0.0, 0.0, 0.0, 0.0, 0.0, 0.0, 0.0, 0.0, 0.0, 0.0, 0.0, 0.0]], [[0.0, 0.0, 0.0, 0.0, 0.0, 0.0, 0.0, 0.0, 0.0, 0.0, 0.0, 0.0, 0.0, 0.0, 0.0, 0.0, 0.0, 0.0, 0.0, 0.0, 0.0, 0.0, 0.0, 0.0, 0.0, 0.0, 0.0, 0.0], [0.0, 0.0, 0.0, 0.0, 0.0, 0.0, 0.0, 0.0, 0.0, 0.0, 0.0, 0.0, 0.0, 0.0, 0.0, 0.0, 0.0, 0.0, 0.0, 0.0, 0.0, 0.0, 0.0, 0.0, 0.0, 0.0, 0.0, 0.0], [0.0, 0.0, 0.0, 0.0, 0.0, 0.0, 0.0, 0.0, 0.0, 0.0, 0.0, 0.0, 0.0, 0.0, 0.0, 0.0, 0.0, 0.0, 0.0, 0.0, 0.0, 0.0, 0.0, 0.0, 0.0, 0.0, 0.0, 0.0], [0.0, 0.0, 0.0, 0.0, 0.0, 0.0, 0.0, 0.0, 0.0, 0.0, 0.0, 0.0, 0.0, 0.0, 0.0, 0.0, 0.0, 0.0, 0.0, 0.0, 0.0, 0.0, 0.0, 0.0, 0.0, 0.0, 0.0, 0.0]], [[0.0, 0.0, 0.0, 0.0, 0.0, 0.0, 0.0, 0.0, 0.0, 0.0, 0.0, 0.0, 0.0, 0.0, 0.0, 0.0, 0.0, 0.0, 0.0, 0.0, 0.0, 0.0, 0.0, 0.0, 0.0, 0.0, 0.0, 0.0], [0.0, 0.0, 0.0, 0.0, 0.0, 0.0, 0.0, 0.0, 0.0, 0.0, 0.0, 0.0, 0.0, 0.0, 0.0, 0.0, 0.0, 0.0, 0.0, 0.0, 0.0, 0.0, 0.0, 0.0, 0.0, 0.0, 0.0, 0.0], [0.0, 0.0, 0.0, 0.0, 0.0, 0.0, 0.0, 0.0, 0.0, 0.0, 0.0, 0.0, 0.0, 0.0, 0.0, 0.0, 0.0, 0.0, 0.0, 0.0, 0.0, 0.0, 0.0, 0.0, 0.0, 0.0, 0.0, 0.0], [0.0, 0.0, 0.0, 0.0, 0.0, 0.0, 0.0, 0.0, 0.0, 0.0, 0.0, 0.0, 0.0, 0.0, 0.0, 0.0, 0.0, 0.0, 0.0, 0.0, 0.0, 0.0, 0.0, 0.0, 0.0, 0.0, 0.0, 0.0]]];
t = [[99999999.0, 12.801015426292134, 10.461387698652551, 6.877356083453887, 11.684587918370688, 9.425287026039507, 11.581218308967127, 9.529438652909134, 11.408297458347567, 8.709101055755202, 9.328747255911335, 7.163995090941521, 10.512375713580262, 8.029096312055056, 11.692620098107433, 13.810655212252577, 12.98457685883221, 7.509994718364469, 9.088980871250078, 7.43621720790849, 13.320151580036732, 12.220501158794873, 11.74343013225224, 5.6230992024949975, 5.66206504092484, 8.811070492777116, 6.1859748183291305, 7.93446097667748, 7.593736959531885, 9.896809695871106], [12.801015426292134, 99999999.0, 12.059171523623991, 10.467037531504893, 14.276126276703536, 13.887763107248622, 12.71570886334575, 14.58773522433581, 14.657104246244009, 5.760742234857061, 6.43497483023867, 6.532339896030259, 9.205843808644271, 10.142670358931642, 5.495197603783209, 10.221743326636634, 9.861805599349413, 10.046957427619528, 14.329534769943463, 13.636953355164266, 9.492874044295615, 12.292086092154772, 8.361379991557389, 5.335528811690188, 14.990216136191409, 13.382470078247886, 9.321333831462876, 6.514866601365892, 7.508356412268913, 9.34656398322037], [10.461387698652551, 12.059171523623991, 99999999.0, 14.225743399396645, 7.0812580944311145, 10.672022167538445, 10.354027787391082, 9.668761706119787, 7.761243225016447, 7.680654224537395, 11.026646551303438, 5.145496495049706, 5.258135720174465, 6.383400932700751, 5.3181756191705745, 7.018459840881257, 12.033883732575775, 7.658474894676611, 10.25646278368772, 10.277997224465487, 13.551758984537942, 11.416575718423061, 12.713277824798345, 9.115685624224223, 10.665866603942963, 13.27984252848646, 6.411179953639275, 12.543720754040745, 6.130364173941244, 7.041394314610012], [6.877356083453887, 10.467037531504893, 14.225743399396645, 99999999.0, 12.637314751474095, 13.683205995963716, 10.161677501767443, 13.141364315025182, 13.416526069873647, 7.410551267321574, 10.950419645860059, 8.410979729503405, 10.270132660675266, 9.744857008855769, 7.412202439472245, 6.166475338988803, 7.567166779635366, 9.0806262591412, 14.585781548747121, 14.796480720912614, 6.95112385587275, 8.504416328810827, 12.477140799747602, 5.678476329013367, 6.46422709745867, 11.945295955745, 9.689846681047134, 5.036248016556552, 10.078073809431986, 5.712768108529309], [11.684587918370688, 14.276126276703536, 7.0812580944311145, 12.637314751474095, 99999999.0, 14.687950691404371, 11.933639069416927, 13.393496610787155, 14.266936777694367, 12.763035641081839, 9.122533741661936, 8.705855693732072, 13.938841252339165, 9.792418819179176, 9.921816470386528, 11.771464351639382, 9.781772659439255, 10.051594335053641, 14.281527044800889, 12.129025121096305, 5.274470743613458, 5.832118557484788, 9.802839862517377, 11.315555459523296, 6.928790750194871, 8.689595293248495, 6.429388739465628, 6.7125484537770745, 7.963492641185221, 13.463223425919912], [9.425287026039507, 13.887763107248622, 10.672022167538445, 13.683205995963716, 14.687950691404371, 99999999.0, 11.519645525716726, 7.415589813655359, 14.164221952182139, 8.770871497517852, 9.97083719138277, 13.773911049098544, 8.822362904164574, 12.905710812508381, 7.4022162105798, 9.618219071773137, 11.765606836755836, 9.282540067523623, 6.776734828967923, 7.6226049340263184, 6.870521345995252, 14.33452514334913, 6.2927975097296995, 5.3414059998531265, 8.472006200444016, 10.933195870512682, 14.68580420192551, 10.507183598274253, 8.926878311702122, 13.731782915776806], [11.581218308967127, 12.71570886334575, 10.354027787391082, 10.161677501767443, 11.933639069416927, 11.519645525716726, 99999999.0, 14.21958273216698, 9.5653464987912, 5.594286940330203, 11.974640735532228, 12.454375655883345, 10.889358605792575, 5.488650519043571, 12.488447916470427, 14.923869475457662, 9.290243641057616, 9.936137069250762, 7.708609804940997, 6.092564931205851, 8.510654369010279, 9.636581902328796, 12.779559544052805, 13.251236993245412, 8.609335129801678, 8.17042265628125, 14.61614194845872, 12.19433966188279, 10.934425411248302, 9.93541125973951], [9.529438652909134, 14.58773522433581, 9.668761706119787, 13.141364315025182, 13.393496610787155, 7.415589813655359, 14.21958273216698, 99999999.0, 10.579431446975255, 11.574774906066754, 12.750953243224648, 12.600892170024713, 13.042179925574128, 9.693451632153089, 7.355112580710897, 10.658397484885, 11.127529940971272, 5.355389399983983, 10.445349677471558, 6.2749604766795315, 7.689445299216046, 5.82950160182814, 6.059102711083141, 9.749182605715713, 7.716196917644636, 5.62314224282622, 5.510480865510018, 14.793601953564067, 12.118399348523717, 14.296523616900945], [11.408297458347567, 14.657104246244009, 7.761243225016447, 13.416526069873647, 14.266936777694367, 14.164221952182139, 9.5653464987912, 10.579431446975255, 99999999.0, 10.38509846561165, 11.453983572209502, 9.233460830756524, 11.735985752436914, 12.248874979525706, 5.733348847893115, 10.190586368487818, 5.366523152479626, 9.775385780120509, 8.026537413481858, 13.130128342665383, 9.456481927151668, 10.246280860708083, 6.673193399151729, 5.361077295443098, 11.383083645422893, 8.380352914725375, 6.041831939867662, 9.212381546420076, 7.479099697237572, 12.72553746510231], [8.709101055755202, 5.760742234857061, 7.680654224537395, 7.410551267321574, 12.763035641081839, 8.770871497517852, 5.594286940330203, 11.574774906066754, 10.38509846561165, 99999999.0, 7.6809750226509745, 5.889633224598606, 12.228310501947872, 9.479632812743578, 5.046913251766395, 13.35815151671433, 11.92620374235329, 5.3817544284159755, 10.665895492034185, 8.085921592944658, 14.46722001662242, 14.171929332953741, 8.037959988944227, 10.215522806869576, 11.451010538202418, 5.7478793703551565, 9.104826971518763, 8.307691299699602, 8.215347236765147, 8.819947315813044], [9.328747255911335, 6.43497483023867, 11.026646551303438, 10.950419645860059, 9.122533741661936, 9.97083719138277, 11.974640735532228, 12.750953243224648, 11.453983572209502, 7.6809750226509745, 99999999.0, 7.851690639845842, 9.908411013295613, 14.80089408948003, 12.996148208955688, 12.406676754470372, 7.6995956182862315, 9.713837780794652, 14.87552606869383, 9.94615297530671, 7.683174862792463, 14.026621995065753, 7.151426552507004, 5.493186910854169, 7.275718754278504, 8.226975670144562, 9.807720301470525, 7.438716625305389, 12.480276887114314, 11.430575927976712], [7.163995090941521, 6.532339896030259, 5.145496495049706, 8.410979729503405, 8.705855693732072, 13.773911049098544, 12.454375655883345, 12.600892170024713, 9.233460830756524, 5.889633224598606, 7.851690639845842, 99999999.0, 10.644194384612405, 9.256426898317919, 14.774289198848203, 12.202171069038625, 12.523273101003067, 5.960517568972509, 10.315770597664624, 10.4627222588852, 6.3351467615690105, 9.972441183435823, 14.911362923305825, 10.694994945553235, 11.584478685218194, 9.427098713157598, 5.199562526741744, 9.563854394286235, 12.987760488244762, 7.478872873619505], [10.512375713580262, 9.205843808644271, 5.258135720174465, 10.270132660675266, 13.938841252339165, 8.822362904164574, 10.889358605792575, 13.042179925574128, 11.735985752436914, 12.228310501947872, 9.908411013295613, 10.644194384612405, 99999999.0, 12.990626295078949, 12.150135372619966, 12.016548407564771, 5.977416374271554, 10.767169835277754, 9.130974916593868, 12.551219632504585, 14.955741268775846, 9.50483977589477, 10.63565825020444, 9.808932114202154, 5.072692570809688, 10.70134292152521, 7.141398869660131, 6.879276854546877, 12.722162432113207, 10.787858641479607], [8.029096312055056, 10.142670358931642, 6.383400932700751, 9.744857008855769, 9.792418819179176, 12.905710812508381, 5.488650519043571, 9.693451632153089, 12.248874979525706, 9.479632812743578, 14.80089408948003, 9.256426898317919, 12.990626295078949, 99999999.0, 7.422186233715562, 6.719506035781643, 8.748142068374182, 13.570803815430644, 6.644493698145016, 8.185917570390615, 7.114031650909078, 14.657764647811366, 9.407738015862702, 9.05516895649164, 13.8260028403309, 6.82259900691124, 6.589859212047497, 14.493079485369645, 5.982294690663258, 5.126843506519165], [11.692620098107433, 5.495197603783209, 5.3181756191705745, 7.412202439472245, 9.921816470386528, 7.4022162105798, 12.488447916470427, 7.355112580710897, 5.733348847893115, 5.046913251766395, 12.996148208955688, 14.774289198848203, 12.150135372619966, 7.422186233715562, 99999999.0, 7.428525989246077, 6.6508670149509586, 14.774132233429478, 11.54487743438235, 6.915226292468139, 5.184057487204056, 8.056702821484379, 12.529199073852595, 12.055669006767118, 10.63501393672275, 10.52677141467433, 8.328103699139625, 11.189141721379755, 6.941448898503091, 8.28685348427614], [13.810655212252577, 10.221743326636634, 7.018459840881257, 6.166475338988803, 11.771464351639382, 9.618219071773137, 14.923869475457662, 10.658397484885, 10.190586368487818, 13.35815151671433, 12.406676754470372, 12.202171069038625, 12.016548407564771, 6.719506035781643, 7.428525989246077, 99999999.0, 8.920632876340587, 8.845203991167075, 9.265246732831638, 14.761873975463049, 10.738173852742731, 5.069562742929971, 5.037482711074773, 9.855079165115372, 13.584312796681335, 5.973510179977129, 10.415382343765375, 6.10292902569115, 9.26261069503007, 9.640759696031047], [12.98457685883221, 9.861805599349413, 12.033883732575775, 7.567166779635366, 9.781772659439255, 11.765606836755836, 9.290243641057616, 11.127529940971272, 5.366523152479626, 11.92620374235329, 7.6995956182862315, 12.523273101003067, 5.977416374271554, 8.748142068374182, 6.6508670149509586, 8.920632876340587, 99999999.0, 5.918197298703833, 5.535204397263414, 14.729405301247068, 5.631525134833394, 12.166146421175842, 12.286483862761996, 9.119798327833013, 5.99636484736874, 14.749464532229432, 10.37180409010168, 8.290532493199242, 5.85106666255681, 6.601680411072932], [7.509994718364469, 10.046957427619528, 7.658474894676611, 9.0806262591412, 10.051594335053641, 9.282540067523623, 9.936137069250762, 5.355389399983983, 9.775385780120509, 5.3817544284159755, 9.713837780794652, 5.960517568972509, 10.767169835277754, 13.570803815430644, 14.774132233429478, 8.845203991167075, 5.918197298703833, 99999999.0, 7.996454444618229, 8.294509328067983, 14.760612863471502, 5.945676651992918, 6.376498558697644, 11.08315267975231, 10.778652244287514, 7.520613189819447, 9.707346513756086, 13.911773255287544, 12.144443119987297, 9.809251531090117], [9.088980871250078, 14.329534769943463, 10.25646278368772, 14.585781548747121, 14.281527044800889, 6.776734828967923, 7.708609804940997, 10.445349677471558, 8.026537413481858, 10.665895492034185, 14.87552606869383, 10.315770597664624, 9.130974916593868, 6.644493698145016, 11.54487743438235, 9.265246732831638, 5.535204397263414, 7.996454444618229, 99999999.0, 6.2134730976598975, 7.748774077768648, 12.567596414778555, 13.361416008182708, 9.068688780718503, 8.299786783097723, 10.87707878966689, 12.57970936906157, 11.4132172308827, 12.100502245165092, 12.848277979609659], [7.43621720790849, 13.636953355164266, 10.277997224465487, 14.796480720912614, 12.129025121096305, 7.6226049340263184, 6.092564931205851, 6.2749604766795315, 13.130128342665383, 8.085921592944658, 9.94615297530671, 10.4627222588852, 12.551219632504585, 8.185917570390615, 6.915226292468139, 14.761873975463049, 14.729405301247068, 8.294509328067983, 6.2134730976598975, 99999999.0, 8.69608455959325, 6.321131305553313, 10.511142150723, 6.573784399354593, 14.593968138298717, 13.241231885293614, 14.279342958024625, 8.537858789078728, 11.840954718105818, 11.259159409450266], [13.320151580036732, 9.492874044295615, 13.551758984537942, 6.95112385587275, 5.274470743613458, 6.870521345995252, 8.510654369010279, 7.689445299216046, 9.456481927151668, 14.46722001662242, 7.683174862792463, 6.3351467615690105, 14.955741268775846, 7.114031650909078, 5.184057487204056, 10.738173852742731, 5.631525134833394, 14.760612863471502, 7.748774077768648, 8.69608455959325, 99999999.0, 7.026411597392091, 8.152886437886863, 12.819003346189554, 12.027053109671959, 6.290609320681455, 13.767380811329723, 6.423402410882595, 9.415269915731924, 5.149771981386177], [12.220501158794873, 12.292086092154772, 11.416575718423061, 8.504416328810827, 5.832118557484788, 14.33452514334913, 9.636581902328796, 5.82950160182814, 10.246280860708083, 14.171929332953741, 14.026621995065753, 9.972441183435823, 9.50483977589477, 14.657764647811366, 8.056702821484379, 5.069562742929971, 12.166146421175842, 5.945676651992918, 12.567596414778555, 6.321131305553313, 7.026411597392091, 99999999.0, 6.926016861837548, 9.687092275072848, 5.924597254179216, 11.940704626517622, 5.008740225037616, 13.591553745019583, 14.031403397005965, 11.594649402289274], [11.74343013225224, 8.361379991557389, 12.713277824798345, 12.477140799747602, 9.802839862517377, 6.2927975097296995, 12.779559544052805, 6.059102711083141, 6.673193399151729, 8.037959988944227, 7.151426552507004, 14.911362923305825, 10.63565825020444, 9.407738015862702, 12.529199073852595, 5.037482711074773, 12.286483862761996, 6.376498558697644, 13.361416008182708, 10.511142150723, 8.152886437886863, 6.926016861837548, 99999999.0, 7.744408469979234, 6.60032589109091, 14.450099064868077, 11.436396106431141, 9.716696248238287, 5.306345045399057, 8.263596258576623], [5.6230992024949975, 5.335528811690188, 9.115685624224223, 5.678476329013367, 11.315555459523296, 5.3414059998531265, 13.251236993245412, 9.749182605715713, 5.361077295443098, 10.215522806869576, 5.493186910854169, 10.694994945553235, 9.808932114202154, 9.05516895649164, 12.055669006767118, 9.855079165115372, 9.119798327833013, 11.08315267975231, 9.068688780718503, 6.573784399354593, 12.819003346189554, 9.687092275072848, 7.744408469979234, 99999999.0, 7.601110547533068, 5.5487577795705825, 7.359077691922229, 9.928175973378714, 12.487083853228874, 7.950977432030811], [5.66206504092484, 14.990216136191409, 10.665866603942963, 6.46422709745867, 6.928790750194871, 8.472006200444016, 8.609335129801678, 7.716196917644636, 11.383083645422893, 11.451010538202418, 7.275718754278504, 11.584478685218194, 5.072692570809688, 13.8260028403309, 10.63501393672275, 13.584312796681335, 5.99636484736874, 10.778652244287514, 8.299786783097723, 14.593968138298717, 12.027053109671959, 5.924597254179216, 6.60032589109091, 7.601110547533068, 99999999.0, 12.817884468139468, 5.241434960188686, 6.8063021562422605, 9.78888746672878, 10.57045377846222], [8.811070492777116, 13.382470078247886, 13.27984252848646, 11.945295955745, 8.689595293248495, 10.933195870512682, 8.17042265628125, 5.62314224282622, 8.380352914725375, 5.7478793703551565, 8.226975670144562, 9.427098713157598, 10.70134292152521, 6.82259900691124, 10.52677141467433, 5.973510179977129, 14.749464532229432, 7.520613189819447, 10.87707878966689, 13.241231885293614, 6.290609320681455, 11.940704626517622, 14.450099064868077, 5.5487577795705825, 12.817884468139468, 99999999.0, 14.219839003607003, 13.710586304659598, 14.153355000499712, 8.544279698446811], [6.1859748183291305, 9.321333831462876, 6.411179953639275, 9.689846681047134, 6.429388739465628, 14.68580420192551, 14.61614194845872, 5.510480865510018, 6.041831939867662, 9.104826971518763, 9.807720301470525, 5.199562526741744, 7.141398869660131, 6.589859212047497, 8.328103699139625, 10.415382343765375, 10.37180409010168, 9.707346513756086, 12.57970936906157, 14.279342958024625, 13.767380811329723, 5.008740225037616, 11.436396106431141, 7.359077691922229, 5.241434960188686, 14.219839003607003, 99999999.0, 11.65390795710356, 9.333322874037492, 12.855715974177656], [7.93446097667748, 6.514866601365892, 12.543720754040745, 5.036248016556552, 6.7125484537770745, 10.507183598274253, 12.19433966188279, 14.793601953564067, 9.212381546420076, 8.307691299699602, 7.438716625305389, 9.563854394286235, 6.879276854546877, 14.493079485369645, 11.189141721379755, 6.10292902569115, 8.290532493199242, 13.911773255287544, 11.4132172308827, 8.537858789078728, 6.423402410882595, 13.591553745019583, 9.716696248238287, 9.928175973378714, 6.8063021562422605, 13.710586304659598, 11.65390795710356, 99999999.0, 5.5820600329322625, 6.657132120272707], [7.593736959531885, 7.508356412268913, 6.130364173941244, 10.078073809431986, 7.963492641185221, 8.926878311702122, 10.934425411248302, 12.118399348523717, 7.479099697237572, 8.215347236765147, 12.480276887114314, 12.987760488244762, 12.722162432113207, 5.982294690663258, 6.941448898503091, 9.26261069503007, 5.85106666255681, 12.144443119987297, 12.100502245165092, 11.840954718105818, 9.415269915731924, 14.031403397005965, 5.306345045399057, 12.487083853228874, 9.78888746672878, 14.153355000499712, 9.333322874037492, 5.5820600329322625, 99999999.0, 14.632455666838668], [9.896809695871106, 9.34656398322037, 7.041394314610012, 5.712768108529309, 13.463223425919912, 13.731782915776806, 9.93541125973951, 14.296523616900945, 12.72553746510231, 8.819947315813044, 11.430575927976712, 7.478872873619505, 10.787858641479607, 5.126843506519165, 8.28685348427614, 9.640759696031047, 6.601680411072932, 9.809251531090117, 12.848277979609659, 11.259159409450266, 5.149771981386177, 11.594649402289274, 8.263596258576623, 7.950977432030811, 10.57045377846222, 8.544279698446811, 12.855715974177656, 6.657132120272707, 14.632455666838668, 99999999.0]];
