M = 99999999.0;
numWorkers = 25;
numRoles = 4;
numNodes = 30;
wStart = [0, 95.21452618664418, 386.55114290618593, 291.24557562804085, 139.47591966530004, 359.4705414976293, 228.97452878099105, 50.70456959086891, 381.3860828373791, 352.0220078070337, 314.64556220552373, 134.13855657655947, 152.14591987467858, 34.04652752071575, 184.30177552774634, 325.02527591798867, 30.779592940575778, 252.0192117979842, 108.47685527408528, 310.61143006063645, 383.98116023649493, 415.116133682285, 3.3343965708930288, 359.27980735532867, 408.7178516486819, 319.01308533405404, 391.1170042054625, 32.64779397386019, 277.76605266349765, 0];
wEnd = [0, 134.75003835395552, 420.8470857690606, 330.9287858710512, 165.31516124172697, 397.52816812779173, 258.2810096776128, 80.01065885665435, 411.47771717651096, 382.7020230825315, 352.30203960725214, 162.49638875201052, 191.24691297521233, 66.51277641639896, 220.09191373458657, 353.8699484700896, 59.478139825972534, 287.00442050267117, 148.41925893224646, 338.2064582753419, 411.6864833206746, 448.39089235574266, 37.6074454605396, 386.7768590507678, 444.13738133248285, 349.80754972724696, 424.00819748701934, 58.95211946263139, 312.7667450523955, 450];
p = [0, 14.47288067043785, 11.005379059397553, 16.67487769941578, 15.300598284904906, 24.64238852931708, 15.907998795324863, 15.528888733684418, 9.27745848687874, 18.96344862659161, 20.43547153121256, 8.733278496665873, 11.15077922281181, 11.6181870801407, 10.665336187647288, 8.585719201354749, 10.392584622314649, 9.868378032641719, 17.424768280885814, 12.30259321442997, 8.59592406707857, 18.060052078758115, 17.962283987583223, 11.818213910489012, 20.05129005834631, 12.960204468267314, 9.150384129565035, 16.517312840222495, 12.97064875556057, 0];
e = [[0, 1, 0, 1], [0, 0, 1, 1], [1, 1, 0, 0], [0, 1, 1, 0], [1, 0, 1, 0], [1, 1, 0, 0], [1, 0, 0, 1], [1, 0, 1, 0], [0, 1, 0, 1], [1, 0, 1, 0], [1, 0, 0, 1], [0, 1, 0, 1], [0, 0, 1, 1], [0, 0, 1, 1], [1, 0, 0, 1], [0, 0, 1, 0], [0, 1, 0, 0], [0, 0, 0, 1], [0, 0, 1, 0], [0, 1, 0, 0], [1, 0, 0, 0], [0, 0, 1, 0], [1, 0, 0, 0], [0, 1, 0, 0], [0, 1, 0, 0]];
d = [[0, 2, 3, 0, 1, 1, 1, 2, 2, 1, 1, 3, 1, 1, 1, 2, 1, 1, 1, 1, 1, 2, 0, 2, 1, 3, 1, 2], [0, 1, 1, 3, 1, 1, 0, 1, 2, 2, 1, 0, 1, 2, 2, 1, 2, 2, 0, 3, 1, 1, 2, 2, 1, 0, 1, 2], [1, 1, 0, 3, 1, 1, 1, 0, 1, 3, 1, 3, 2, 0, 2, 1, 3, 1, 2, 1, 2, 3, 2, 1, 5, 2, 2, 1], [2, 3, 1, 1, 2, 0, 2, 0, 0, 2, 0, 2, 0, 1, 3, 1, 2, 0, 1, 1, 2, 1, 1, 3, 1, 2, 0, 0]];
r = [1553.1642263154865, 1206.013352155957, 3172.302953509312, 829.9956441465417, 3948.459561808631, 1885.3668442600558, 1484.0555377734465, 1711.4978238920787, 3704.5838228893494, 3183.726098125071, 1531.8408410521092, 1151.5952511367932, 919.5893729458068, 1657.5032817320068, 1163.4548944298099, 612.7284874988068, 1484.9505577953516, 3259.361362376337, 1088.4479815828797, 1300.6284340728616, 2970.9669201560573, 1974.4649976288076, 1269.5272352924799, 3780.4929058179564, 720.5793656226667, 604.8640960643587, 1444.5101828916283, 2226.2512357675205];
b = [[[0.0, 0.0, 0.0, 0.0, 0.0, 0.0, 0.0, 0.0, 0.0, 0.0, 0.0, 0.0, 0.0, 0.0, 0.0, 0.0, 0.0, 0.0, 0.0, 0.0, 0.0, 0.0, 0.0, 0.0, 0.0, 0.0, 0.0, 0.0], [0.0, 0.0, 0.0, 0.0, 0.0, 0.0, 0.0, 0.0, 0.0, 0.0, 0.0, 0.0, 0.0, 0.0, 0.0, 0.0, 0.0, 0.0, 0.0, 0.0, 0.0, 0.0, 0.0, 0.0, 0.0, 0.0, 0.0, 0.0], [0.0, 0.0, 0.0, 0.0, 0.0, 0.0, 0.0, 0.0, 0.0, 0.0, 0.0, 0.0, 0.0, 0.0, 0.0, 0.0, 0.0, 0.0, 0.0, 0.0, 0.0, 0.0, 0.0, 0.0, 0.0, 0.0, 0.0, 0.0], [0.0, 0.0, 0.0, 0.0, 0.0, 0.0, 0.0, 0.0, 0.0, 0.0, 0.0, 0.0, 0.0, 0.0, 0.0, 0.0, 0.0, 0.0, 0.0, 0.0, 0.0, 0.0, 0.0, 0.0, 0.0, 0.0, 0.0, 0.0]], [[0.0, 0.0, 0.0, 0.0, 0.0, 0.0, 0.0, 0.0, 0.0, 0.0, 0.0, 0.0, 0.0, 0.0, 0.0, 0.0, 0.0, 0.0, 0.0, 0.0, 0.0, 0.0, 0.0, 0.0, 0.0, 0.0, 0.0, 0.0], [0.0, 0.0, 0.0, 0.0, 0.0, 0.0, 0.0, 0.0, 0.0, 0.0, 0.0, 0.0, 0.0, 0.0, 0.0, 0.0, 0.0, 0.0, 0.0, 0.0, 0.0, 0.0, 0.0, 0.0, 0.0, 0.0, 0.0, 0.0], [0.0, 0.0, 0.0, 0.0, 0.0, 0.0, 0.0, 0.0, 0.0, 0.0, 0.0, 0.0, 0.0, 0.0, 0.0, 0.0, 0.0, 0.0, 0.0, 0.0, 0.0, 0.0, 0.0, 0.0, 0.0, 0.0, 0.0, 0.0], [0.0, 0.0, 0.0, 0.0, 0.0, 0.0, 0.0, 0.0, 0.0, 0.0, 0.0, 0.0, 0.0, 0.0, 0.0, 0.0, 0.0, 0.0, 0.0, 0.0, 0.0, 0.0, 0.0, 0.0, 0.0, 0.0, 0.0, 0.0]], [[0.0, 0.0, 0.0, 0.0, 0.0, 0.0, 0.0, 0.0, 0.0, 0.0, 0.0, 0.0, 0.0, 0.0, 0.0, 0.0, 0.0, 0.0, 0.0, 0.0, 0.0, 0.0, 0.0, 0.0, 0.0, 0.0, 0.0, 0.0], [0.0, 0.0, 0.0, 0.0, 0.0, 0.0, 0.0, 0.0, 0.0, 0.0, 0.0, 0.0, 0.0, 0.0, 0.0, 0.0, 0.0, 0.0, 0.0, 0.0, 0.0, 0.0, 0.0, 0.0, 0.0, 0.0, 0.0, 0.0], [0.0, 0.0, 0.0, 0.0, 0.0, 0.0, 0.0, 0.0, 0.0, 0.0, 0.0, 0.0, 0.0, 0.0, 0.0, 0.0, 0.0, 0.0, 0.0, 0.0, 0.0, 0.0, 0.0, 0.0, 0.0, 0.0, 0.0, 0.0], [0.0, 0.0, 0.0, 0.0, 0.0, 0.0, 0.0, 0.0, 0.0, 0.0, 0.0, 0.0, 0.0, 0.0, 0.0, 0.0, 0.0, 0.0, 0.0, 0.0, 0.0, 0.0, 0.0, 0.0, 0.0, 0.0, 0.0, 0.0]], [[0.0, 0.0, 0.0, 0.0, 0.0, 0.0, 0.0, 0.0, 0.0, 0.0, 0.0, 0.0, 0.0, 0.0, 0.0, 0.0, 0.0, 0.0, 0.0, 0.0, 0.0, 0.0, 0.0, 0.0, 0.0, 0.0, 0.0, 0.0], [0.0, 0.0, 0.0, 0.0, 0.0, 0.0, 0.0, 0.0, 0.0, 0.0, 0.0, 0.0, 0.0, 0.0, 0.0, 0.0, 0.0, 0.0, 0.0, 0.0, 0.0, 0.0, 0.0, 0.0, 0.0, 0.0, 0.0, 0.0], [0.0, 0.0, 0.0, 0.0, 0.0, 0.0, 0.0, 0.0, 0.0, 0.0, 0.0, 0.0, 0.0, 0.0, 0.0, 0.0, 0.0, 0.0, 0.0, 0.0, 0.0, 0.0, 0.0, 0.0, 0.0, 0.0, 0.0, 0.0], [0.0, 0.0, 0.0, 0.0, 0.0, 0.0, 0.0, 0.0, 0.0, 0.0, 0.0, 0.0, 0.0, 0.0, 0.0, 0.0, 0.0, 0.0, 0.0, 0.0, 0.0, 0.0, 0.0, 0.0, 0.0, 0.0, 0.0, 0.0]], [[0.0, 0.0, 0.0, 0.0, 0.0, 0.0, 0.0, 0.0, 0.0, 0.0, 0.0, 0.0, 0.0, 0.0, 0.0, 0.0, 0.0, 0.0, 0.0, 0.0, 0.0, 0.0, 0.0, 0.0, 0.0, 0.0, 0.0, 0.0], [0.0, 0.0, 0.0, 0.0, 0.0, 0.0, 0.0, 0.0, 0.0, 0.0, 0.0, 0.0, 0.0, 0.0, 0.0, 0.0, 0.0, 0.0, 0.0, 0.0, 0.0, 0.0, 0.0, 0.0, 0.0, 0.0, 0.0, 0.0], [0.0, 0.0, 0.0, 0.0, 0.0, 0.0, 0.0, 0.0, 0.0, 0.0, 0.0, 0.0, 0.0, 0.0, 0.0, 0.0, 0.0, 0.0, 0.0, 0.0, 0.0, 0.0, 0.0, 0.0, 0.0, 0.0, 0.0, 0.0], [0.0, 0.0, 0.0, 0.0, 0.0, 0.0, 0.0, 0.0, 0.0, 0.0, 0.0, 0.0, 0.0, 0.0, 0.0, 0.0, 0.0, 0.0, 0.0, 0.0, 0.0, 0.0, 0.0, 0.0, 0.0, 0.0, 0.0, 0.0]], [[0.0, 0.0, 0.0, 0.0, 0.0, 0.0, 0.0, 0.0, 0.0, 0.0, 0.0, 0.0, 0.0, 0.0, 0.0, 0.0, 0.0, 0.0, 0.0, 0.0, 0.0, 0.0, 0.0, 0.0, 0.0, 0.0, 0.0, 0.0], [0.0, 0.0, 0.0, 0.0, 0.0, 0.0, 0.0, 0.0, 0.0, 0.0, 0.0, 0.0, 0.0, 0.0, 0.0, 0.0, 0.0, 0.0, 0.0, 0.0, 0.0, 0.0, 0.0, 0.0, 0.0, 0.0, 0.0, 0.0], [0.0, 0.0, 0.0, 0.0, 0.0, 0.0, 0.0, 0.0, 0.0, 0.0, 0.0, 0.0, 0.0, 0.0, 0.0, 0.0, 0.0, 0.0, 0.0, 0.0, 0.0, 0.0, 0.0, 0.0, 0.0, 0.0, 0.0, 0.0], [0.0, 0.0, 0.0, 0.0, 0.0, 0.0, 0.0, 0.0, 0.0, 0.0, 0.0, 0.0, 0.0, 0.0, 0.0, 0.0, 0.0, 0.0, 0.0, 0.0, 0.0, 0.0, 0.0, 0.0, 0.0, 0.0, 0.0, 0.0]], [[0.0, 0.0, 0.0, 0.0, 0.0, 0.0, 0.0, 0.0, 0.0, 0.0, 0.0, 0.0, 0.0, 0.0, 0.0, 0.0, 0.0, 0.0, 0.0, 0.0, 0.0, 0.0, 0.0, 0.0, 0.0, 0.0, 0.0, 0.0], [0.0, 0.0, 0.0, 0.0, 0.0, 0.0, 0.0, 0.0, 0.0, 0.0, 0.0, 0.0, 0.0, 0.0, 0.0, 0.0, 0.0, 0.0, 0.0, 0.0, 0.0, 0.0, 0.0, 0.0, 0.0, 0.0, 0.0, 0.0], [0.0, 0.0, 0.0, 0.0, 0.0, 0.0, 0.0, 0.0, 0.0, 0.0, 0.0, 0.0, 0.0, 0.0, 0.0, 0.0, 0.0, 0.0, 0.0, 0.0, 0.0, 0.0, 0.0, 0.0, 0.0, 0.0, 0.0, 0.0], [0.0, 0.0, 0.0, 0.0, 0.0, 0.0, 0.0, 0.0, 0.0, 0.0, 0.0, 0.0, 0.0, 0.0, 0.0, 0.0, 0.0, 0.0, 0.0, 0.0, 0.0, 0.0, 0.0, 0.0, 0.0, 0.0, 0.0, 0.0]], [[0.0, 0.0, 0.0, 0.0, 0.0, 0.0, 0.0, 0.0, 0.0, 0.0, 0.0, 0.0, 0.0, 0.0, 0.0, 0.0, 0.0, 0.0, 0.0, 0.0, 0.0, 0.0, 0.0, 0.0, 0.0, 0.0, 0.0, 0.0], [0.0, 0.0, 0.0, 0.0, 0.0, 0.0, 0.0, 0.0, 0.0, 0.0, 0.0, 0.0, 0.0, 0.0, 0.0, 0.0, 0.0, 0.0, 0.0, 0.0, 0.0, 0.0, 0.0, 0.0, 0.0, 0.0, 0.0, 0.0], [0.0, 0.0, 0.0, 0.0, 0.0, 0.0, 0.0, 0.0, 0.0, 0.0, 0.0, 0.0, 0.0, 0.0, 0.0, 0.0, 0.0, 0.0, 0.0, 0.0, 0.0, 0.0, 0.0, 0.0, 0.0, 0.0, 0.0, 0.0], [0.0, 0.0, 0.0, 0.0, 0.0, 0.0, 0.0, 0.0, 0.0, 0.0, 0.0, 0.0, 0.0, 0.0, 0.0, 0.0, 0.0, 0.0, 0.0, 0.0, 0.0, 0.0, 0.0, 0.0, 0.0, 0.0, 0.0, 0.0]], [[0.0, 0.0, 0.0, 0.0, 0.0, 0.0, 0.0, 0.0, 0.0, 0.0, 0.0, 0.0, 0.0, 0.0, 0.0, 0.0, 0.0, 0.0, 0.0, 0.0, 0.0, 0.0, 0.0, 0.0, 0.0, 0.0, 0.0, 0.0], [0.0, 0.0, 0.0, 0.0, 0.0, 0.0, 0.0, 0.0, 0.0, 0.0, 0.0, 0.0, 0.0, 0.0, 0.0, 0.0, 0.0, 0.0, 0.0, 0.0, 0.0, 0.0, 0.0, 0.0, 0.0, 0.0, 0.0, 0.0], [0.0, 0.0, 0.0, 0.0, 0.0, 0.0, 0.0, 0.0, 0.0, 0.0, 0.0, 0.0, 0.0, 0.0, 0.0, 0.0, 0.0, 0.0, 0.0, 0.0, 0.0, 0.0, 0.0, 0.0, 0.0, 0.0, 0.0, 0.0], [0.0, 0.0, 0.0, 0.0, 0.0, 0.0, 0.0, 0.0, 0.0, 0.0, 0.0, 0.0, 0.0, 0.0, 0.0, 0.0, 0.0, 0.0, 0.0, 0.0, 0.0, 0.0, 0.0, 0.0, 0.0, 0.0, 0.0, 0.0]], [[0.0, 0.0, 0.0, 0.0, 0.0, 0.0, 0.0, 0.0, 0.0, 0.0, 0.0, 0.0, 0.0, 0.0, 0.0, 0.0, 0.0, 0.0, 0.0, 0.0, 0.0, 0.0, 0.0, 0.0, 0.0, 0.0, 0.0, 0.0], [0.0, 0.0, 0.0, 0.0, 0.0, 0.0, 0.0, 0.0, 0.0, 0.0, 0.0, 0.0, 0.0, 0.0, 0.0, 0.0, 0.0, 0.0, 0.0, 0.0, 0.0, 0.0, 0.0, 0.0, 0.0, 0.0, 0.0, 0.0], [0.0, 0.0, 0.0, 0.0, 0.0, 0.0, 0.0, 0.0, 0.0, 0.0, 0.0, 0.0, 0.0, 0.0, 0.0, 0.0, 0.0, 0.0, 0.0, 0.0, 0.0, 0.0, 0.0, 0.0, 0.0, 0.0, 0.0, 0.0], [0.0, 0.0, 0.0, 0.0, 0.0, 0.0, 0.0, 0.0, 0.0, 0.0, 0.0, 0.0, 0.0, 0.0, 0.0, 0.0, 0.0, 0.0, 0.0, 0.0, 0.0, 0.0, 0.0, 0.0, 0.0, 0.0, 0.0, 0.0]], [[0.0, 0.0, 0.0, 0.0, 0.0, 0.0, 0.0, 0.0, 0.0, 0.0, 0.0, 0.0, 0.0, 0.0, 0.0, 0.0, 0.0, 0.0, 0.0, 0.0, 0.0, 0.0, 0.0, 0.0, 0.0, 0.0, 0.0, 0.0], [0.0, 0.0, 0.0, 0.0, 0.0, 0.0, 0.0, 0.0, 0.0, 0.0, 0.0, 0.0, 0.0, 0.0, 0.0, 0.0, 0.0, 0.0, 0.0, 0.0, 0.0, 0.0, 0.0, 0.0, 0.0, 0.0, 0.0, 0.0], [0.0, 0.0, 0.0, 0.0, 0.0, 0.0, 0.0, 0.0, 0.0, 0.0, 0.0, 0.0, 0.0, 0.0, 0.0, 0.0, 0.0, 0.0, 0.0, 0.0, 0.0, 0.0, 0.0, 0.0, 0.0, 0.0, 0.0, 0.0], [0.0, 0.0, 0.0, 0.0, 0.0, 0.0, 0.0, 0.0, 0.0, 0.0, 0.0, 0.0, 0.0, 0.0, 0.0, 0.0, 0.0, 0.0, 0.0, 0.0, 0.0, 0.0, 0.0, 0.0, 0.0, 0.0, 0.0, 0.0]], [[0.0, 0.0, 0.0, 0.0, 0.0, 0.0, 0.0, 0.0, 0.0, 0.0, 0.0, 0.0, 0.0, 0.0, 0.0, 0.0, 0.0, 0.0, 0.0, 0.0, 0.0, 0.0, 0.0, 0.0, 0.0, 0.0, 0.0, 0.0], [0.0, 0.0, 0.0, 0.0, 0.0, 0.0, 0.0, 0.0, 0.0, 0.0, 0.0, 0.0, 0.0, 0.0, 0.0, 0.0, 0.0, 0.0, 0.0, 0.0, 0.0, 0.0, 0.0, 0.0, 0.0, 0.0, 0.0, 0.0], [0.0, 0.0, 0.0, 0.0, 0.0, 0.0, 0.0, 0.0, 0.0, 0.0, 0.0, 0.0, 0.0, 0.0, 0.0, 0.0, 0.0, 0.0, 0.0, 0.0, 0.0, 0.0, 0.0, 0.0, 0.0, 0.0, 0.0, 0.0], [0.0, 0.0, 0.0, 0.0, 0.0, 0.0, 0.0, 0.0, 0.0, 0.0, 0.0, 0.0, 0.0, 0.0, 0.0, 0.0, 0.0, 0.0, 0.0, 0.0, 0.0, 0.0, 0.0, 0.0, 0.0, 0.0, 0.0, 0.0]], [[0.0, 0.0, 0.0, 0.0, 0.0, 0.0, 0.0, 0.0, 0.0, 0.0, 0.0, 0.0, 0.0, 0.0, 0.0, 0.0, 0.0, 0.0, 0.0, 0.0, 0.0, 0.0, 0.0, 0.0, 0.0, 0.0, 0.0, 0.0], [0.0, 0.0, 0.0, 0.0, 0.0, 0.0, 0.0, 0.0, 0.0, 0.0, 0.0, 0.0, 0.0, 0.0, 0.0, 0.0, 0.0, 0.0, 0.0, 0.0, 0.0, 0.0, 0.0, 0.0, 0.0, 0.0, 0.0, 0.0], [0.0, 0.0, 0.0, 0.0, 0.0, 0.0, 0.0, 0.0, 0.0, 0.0, 0.0, 0.0, 0.0, 0.0, 0.0, 0.0, 0.0, 0.0, 0.0, 0.0, 0.0, 0.0, 0.0, 0.0, 0.0, 0.0, 0.0, 0.0], [0.0, 0.0, 0.0, 0.0, 0.0, 0.0, 0.0, 0.0, 0.0, 0.0, 0.0, 0.0, 0.0, 0.0, 0.0, 0.0, 0.0, 0.0, 0.0, 0.0, 0.0, 0.0, 0.0, 0.0, 0.0, 0.0, 0.0, 0.0]], [[0.0, 0.0, 0.0, 0.0, 0.0, 0.0, 0.0, 0.0, 0.0, 0.0, 0.0, 0.0, 0.0, 0.0, 0.0, 0.0, 0.0, 0.0, 0.0, 0.0, 0.0, 0.0, 0.0, 0.0, 0.0, 0.0, 0.0, 0.0], [0.0, 0.0, 0.0, 0.0, 0.0, 0.0, 0.0, 0.0, 0.0, 0.0, 0.0, 0.0, 0.0, 0.0, 0.0, 0.0, 0.0, 0.0, 0.0, 0.0, 0.0, 0.0, 0.0, 0.0, 0.0, 0.0, 0.0, 0.0], [0.0, 0.0, 0.0, 0.0, 0.0, 0.0, 0.0, 0.0, 0.0, 0.0, 0.0, 0.0, 0.0, 0.0, 0.0, 0.0, 0.0, 0.0, 0.0, 0.0, 0.0, 0.0, 0.0, 0.0, 0.0, 0.0, 0.0, 0.0], [0.0, 0.0, 0.0, 0.0, 0.0, 0.0, 0.0, 0.0, 0.0, 0.0, 0.0, 0.0, 0.0, 0.0, 0.0, 0.0, 0.0, 0.0, 0.0, 0.0, 0.0, 0.0, 0.0, 0.0, 0.0, 0.0, 0.0, 0.0]], [[0.0, 0.0, 0.0, 0.0, 0.0, 0.0, 0.0, 0.0, 0.0, 0.0, 0.0, 0.0, 0.0, 0.0, 0.0, 0.0, 0.0, 0.0, 0.0, 0.0, 0.0, 0.0, 0.0, 0.0, 0.0, 0.0, 0.0, 0.0], [0.0, 0.0, 0.0, 0.0, 0.0, 0.0, 0.0, 0.0, 0.0, 0.0, 0.0, 0.0, 0.0, 0.0, 0.0, 0.0, 0.0, 0.0, 0.0, 0.0, 0.0, 0.0, 0.0, 0.0, 0.0, 0.0, 0.0, 0.0], [0.0, 0.0, 0.0, 0.0, 0.0, 0.0, 0.0, 0.0, 0.0, 0.0, 0.0, 0.0, 0.0, 0.0, 0.0, 0.0, 0.0, 0.0, 0.0, 0.0, 0.0, 0.0, 0.0, 0.0, 0.0, 0.0, 0.0, 0.0], [0.0, 0.0, 0.0, 0.0, 0.0, 0.0, 0.0, 0.0, 0.0, 0.0, 0.0, 0.0, 0.0, 0.0, 0.0, 0.0, 0.0, 0.0, 0.0, 0.0, 0.0, 0.0, 0.0, 0.0, 0.0, 0.0, 0.0, 0.0]], [[0.0, 0.0, 0.0, 0.0, 0.0, 0.0, 0.0, 0.0, 0.0, 0.0, 0.0, 0.0, 0.0, 0.0, 0.0, 0.0, 0.0, 0.0, 0.0, 0.0, 0.0, 0.0, 0.0, 0.0, 0.0, 0.0, 0.0, 0.0], [0.0, 0.0, 0.0, 0.0, 0.0, 0.0, 0.0, 0.0, 0.0, 0.0, 0.0, 0.0, 0.0, 0.0, 0.0, 0.0, 0.0, 0.0, 0.0, 0.0, 0.0, 0.0, 0.0, 0.0, 0.0, 0.0, 0.0, 0.0], [0.0, 0.0, 0.0, 0.0, 0.0, 0.0, 0.0, 0.0, 0.0, 0.0, 0.0, 0.0, 0.0, 0.0, 0.0, 0.0, 0.0, 0.0, 0.0, 0.0, 0.0, 0.0, 0.0, 0.0, 0.0, 0.0, 0.0, 0.0], [0.0, 0.0, 0.0, 0.0, 0.0, 0.0, 0.0, 0.0, 0.0, 0.0, 0.0, 0.0, 0.0, 0.0, 0.0, 0.0, 0.0, 0.0, 0.0, 0.0, 0.0, 0.0, 0.0, 0.0, 0.0, 0.0, 0.0, 0.0]], [[0.0, 0.0, 0.0, 0.0, 0.0, 0.0, 0.0, 0.0, 0.0, 0.0, 0.0, 0.0, 0.0, 0.0, 0.0, 0.0, 0.0, 0.0, 0.0, 0.0, 0.0, 0.0, 0.0, 0.0, 0.0, 0.0, 0.0, 0.0], [0.0, 0.0, 0.0, 0.0, 0.0, 0.0, 0.0, 0.0, 0.0, 0.0, 0.0, 0.0, 0.0, 0.0, 0.0, 0.0, 0.0, 0.0, 0.0, 0.0, 0.0, 0.0, 0.0, 0.0, 0.0, 0.0, 0.0, 0.0], [0.0, 0.0, 0.0, 0.0, 0.0, 0.0, 0.0, 0.0, 0.0, 0.0, 0.0, 0.0, 0.0, 0.0, 0.0, 0.0, 0.0, 0.0, 0.0, 0.0, 0.0, 0.0, 0.0, 0.0, 0.0, 0.0, 0.0, 0.0], [0.0, 0.0, 0.0, 0.0, 0.0, 0.0, 0.0, 0.0, 0.0, 0.0, 0.0, 0.0, 0.0, 0.0, 0.0, 0.0, 0.0, 0.0, 0.0, 0.0, 0.0, 0.0, 0.0, 0.0, 0.0, 0.0, 0.0, 0.0]], [[0.0, 0.0, 0.0, 0.0, 0.0, 0.0, 0.0, 0.0, 0.0, 0.0, 0.0, 0.0, 0.0, 0.0, 0.0, 0.0, 0.0, 0.0, 0.0, 0.0, 0.0, 0.0, 0.0, 0.0, 0.0, 0.0, 0.0, 0.0], [0.0, 0.0, 0.0, 0.0, 0.0, 0.0, 0.0, 0.0, 0.0, 0.0, 0.0, 0.0, 0.0, 0.0, 0.0, 0.0, 0.0, 0.0, 0.0, 0.0, 0.0, 0.0, 0.0, 0.0, 0.0, 0.0, 0.0, 0.0], [0.0, 0.0, 0.0, 0.0, 0.0, 0.0, 0.0, 0.0, 0.0, 0.0, 0.0, 0.0, 0.0, 0.0, 0.0, 0.0, 0.0, 0.0, 0.0, 0.0, 0.0, 0.0, 0.0, 0.0, 0.0, 0.0, 0.0, 0.0], [0.0, 0.0, 0.0, 0.0, 0.0, 0.0, 0.0, 0.0, 0.0, 0.0, 0.0, 0.0, 0.0, 0.0, 0.0, 0.0, 0.0, 0.0, 0.0, 0.0, 0.0, 0.0, 0.0, 0.0, 0.0, 0.0, 0.0, 0.0]], [[0.0, 0.0, 0.0, 0.0, 0.0, 0.0, 0.0, 0.0, 0.0, 0.0, 0.0, 0.0, 0.0, 0.0, 0.0, 0.0, 0.0, 0.0, 0.0, 0.0, 0.0, 0.0, 0.0, 0.0, 0.0, 0.0, 0.0, 0.0], [0.0, 0.0, 0.0, 0.0, 0.0, 0.0, 0.0, 0.0, 0.0, 0.0, 0.0, 0.0, 0.0, 0.0, 0.0, 0.0, 0.0, 0.0, 0.0, 0.0, 0.0, 0.0, 0.0, 0.0, 0.0, 0.0, 0.0, 0.0], [0.0, 0.0, 0.0, 0.0, 0.0, 0.0, 0.0, 0.0, 0.0, 0.0, 0.0, 0.0, 0.0, 0.0, 0.0, 0.0, 0.0, 0.0, 0.0, 0.0, 0.0, 0.0, 0.0, 0.0, 0.0, 0.0, 0.0, 0.0], [0.0, 0.0, 0.0, 0.0, 0.0, 0.0, 0.0, 0.0, 0.0, 0.0, 0.0, 0.0, 0.0, 0.0, 0.0, 0.0, 0.0, 0.0, 0.0, 0.0, 0.0, 0.0, 0.0, 0.0, 0.0, 0.0, 0.0, 0.0]], [[0.0, 0.0, 0.0, 0.0, 0.0, 0.0, 0.0, 0.0, 0.0, 0.0, 0.0, 0.0, 0.0, 0.0, 0.0, 0.0, 0.0, 0.0, 0.0, 0.0, 0.0, 0.0, 0.0, 0.0, 0.0, 0.0, 0.0, 0.0], [0.0, 0.0, 0.0, 0.0, 0.0, 0.0, 0.0, 0.0, 0.0, 0.0, 0.0, 0.0, 0.0, 0.0, 0.0, 0.0, 0.0, 0.0, 0.0, 0.0, 0.0, 0.0, 0.0, 0.0, 0.0, 0.0, 0.0, 0.0], [0.0, 0.0, 0.0, 0.0, 0.0, 0.0, 0.0, 0.0, 0.0, 0.0, 0.0, 0.0, 0.0, 0.0, 0.0, 0.0, 0.0, 0.0, 0.0, 0.0, 0.0, 0.0, 0.0, 0.0, 0.0, 0.0, 0.0, 0.0], [0.0, 0.0, 0.0, 0.0, 0.0, 0.0, 0.0, 0.0, 0.0, 0.0, 0.0, 0.0, 0.0, 0.0, 0.0, 0.0, 0.0, 0.0, 0.0, 0.0, 0.0, 0.0, 0.0, 0.0, 0.0, 0.0, 0.0, 0.0]], [[0.0, 0.0, 0.0, 0.0, 0.0, 0.0, 0.0, 0.0, 0.0, 0.0, 0.0, 0.0, 0.0, 0.0, 0.0, 0.0, 0.0, 0.0, 0.0, 0.0, 0.0, 0.0, 0.0, 0.0, 0.0, 0.0, 0.0, 0.0], [0.0, 0.0, 0.0, 0.0, 0.0, 0.0, 0.0, 0.0, 0.0, 0.0, 0.0, 0.0, 0.0, 0.0, 0.0, 0.0, 0.0, 0.0, 0.0, 0.0, 0.0, 0.0, 0.0, 0.0, 0.0, 0.0, 0.0, 0.0], [0.0, 0.0, 0.0, 0.0, 0.0, 0.0, 0.0, 0.0, 0.0, 0.0, 0.0, 0.0, 0.0, 0.0, 0.0, 0.0, 0.0, 0.0, 0.0, 0.0, 0.0, 0.0, 0.0, 0.0, 0.0, 0.0, 0.0, 0.0], [0.0, 0.0, 0.0, 0.0, 0.0, 0.0, 0.0, 0.0, 0.0, 0.0, 0.0, 0.0, 0.0, 0.0, 0.0, 0.0, 0.0, 0.0, 0.0, 0.0, 0.0, 0.0, 0.0, 0.0, 0.0, 0.0, 0.0, 0.0]], [[0.0, 0.0, 0.0, 0.0, 0.0, 0.0, 0.0, 0.0, 0.0, 0.0, 0.0, 0.0, 0.0, 0.0, 0.0, 0.0, 0.0, 0.0, 0.0, 0.0, 0.0, 0.0, 0.0, 0.0, 0.0, 0.0, 0.0, 0.0], [0.0, 0.0, 0.0, 0.0, 0.0, 0.0, 0.0, 0.0, 0.0, 0.0, 0.0, 0.0, 0.0, 0.0, 0.0, 0.0, 0.0, 0.0, 0.0, 0.0, 0.0, 0.0, 0.0, 0.0, 0.0, 0.0, 0.0, 0.0], [0.0, 0.0, 0.0, 0.0, 0.0, 0.0, 0.0, 0.0, 0.0, 0.0, 0.0, 0.0, 0.0, 0.0, 0.0, 0.0, 0.0, 0.0, 0.0, 0.0, 0.0, 0.0, 0.0, 0.0, 0.0, 0.0, 0.0, 0.0], [0.0, 0.0, 0.0, 0.0, 0.0, 0.0, 0.0, 0.0, 0.0, 0.0, 0.0, 0.0, 0.0, 0.0, 0.0, 0.0, 0.0, 0.0, 0.0, 0.0, 0.0, 0.0, 0.0, 0.0, 0.0, 0.0, 0.0, 0.0]], [[0.0, 0.0, 0.0, 0.0, 0.0, 0.0, 0.0, 0.0, 0.0, 0.0, 0.0, 0.0, 0.0, 0.0, 0.0, 0.0, 0.0, 0.0, 0.0, 0.0, 0.0, 0.0, 0.0, 0.0, 0.0, 0.0, 0.0, 0.0], [0.0, 0.0, 0.0, 0.0, 0.0, 0.0, 0.0, 0.0, 0.0, 0.0, 0.0, 0.0, 0.0, 0.0, 0.0, 0.0, 0.0, 0.0, 0.0, 0.0, 0.0, 0.0, 0.0, 0.0, 0.0, 0.0, 0.0, 0.0], [0.0, 0.0, 0.0, 0.0, 0.0, 0.0, 0.0, 0.0, 0.0, 0.0, 0.0, 0.0, 0.0, 0.0, 0.0, 0.0, 0.0, 0.0, 0.0, 0.0, 0.0, 0.0, 0.0, 0.0, 0.0, 0.0, 0.0, 0.0], [0.0, 0.0, 0.0, 0.0, 0.0, 0.0, 0.0, 0.0, 0.0, 0.0, 0.0, 0.0, 0.0, 0.0, 0.0, 0.0, 0.0, 0.0, 0.0, 0.0, 0.0, 0.0, 0.0, 0.0, 0.0, 0.0, 0.0, 0.0]], [[0.0, 0.0, 0.0, 0.0, 0.0, 0.0, 0.0, 0.0, 0.0, 0.0, 0.0, 0.0, 0.0, 0.0, 0.0, 0.0, 0.0, 0.0, 0.0, 0.0, 0.0, 0.0, 0.0, 0.0, 0.0, 0.0, 0.0, 0.0], [0.0, 0.0, 0.0, 0.0, 0.0, 0.0, 0.0, 0.0, 0.0, 0.0, 0.0, 0.0, 0.0, 0.0, 0.0, 0.0, 0.0, 0.0, 0.0, 0.0, 0.0, 0.0, 0.0, 0.0, 0.0, 0.0, 0.0, 0.0], [0.0, 0.0, 0.0, 0.0, 0.0, 0.0, 0.0, 0.0, 0.0, 0.0, 0.0, 0.0, 0.0, 0.0, 0.0, 0.0, 0.0, 0.0, 0.0, 0.0, 0.0, 0.0, 0.0, 0.0, 0.0, 0.0, 0.0, 0.0], [0.0, 0.0, 0.0, 0.0, 0.0, 0.0, 0.0, 0.0, 0.0, 0.0, 0.0, 0.0, 0.0, 0.0, 0.0, 0.0, 0.0, 0.0, 0.0, 0.0, 0.0, 0.0, 0.0, 0.0, 0.0, 0.0, 0.0, 0.0]], [[0.0, 0.0, 0.0, 0.0, 0.0, 0.0, 0.0, 0.0, 0.0, 0.0, 0.0, 0.0, 0.0, 0.0, 0.0, 0.0, 0.0, 0.0, 0.0, 0.0, 0.0, 0.0, 0.0, 0.0, 0.0, 0.0, 0.0, 0.0], [0.0, 0.0, 0.0, 0.0, 0.0, 0.0, 0.0, 0.0, 0.0, 0.0, 0.0, 0.0, 0.0, 0.0, 0.0, 0.0, 0.0, 0.0, 0.0, 0.0, 0.0, 0.0, 0.0, 0.0, 0.0, 0.0, 0.0, 0.0], [0.0, 0.0, 0.0, 0.0, 0.0, 0.0, 0.0, 0.0, 0.0, 0.0, 0.0, 0.0, 0.0, 0.0, 0.0, 0.0, 0.0, 0.0, 0.0, 0.0, 0.0, 0.0, 0.0, 0.0, 0.0, 0.0, 0.0, 0.0], [0.0, 0.0, 0.0, 0.0, 0.0, 0.0, 0.0, 0.0, 0.0, 0.0, 0.0, 0.0, 0.0, 0.0, 0.0, 0.0, 0.0, 0.0, 0.0, 0.0, 0.0, 0.0, 0.0, 0.0, 0.0, 0.0, 0.0, 0.0]]];
t = [[99999999.0, 5.7298568465388175, 5.580092772176405, 13.61028844463813, 10.369903792244752, 12.76580008797151, 9.457323234138322, 14.627557849821722, 13.807421315101681, 14.107188410965588, 8.03959468719856, 6.928065327990342, 14.657675425170568, 6.202669638399608, 10.21417153736136, 11.542016027014567, 6.933457497790686, 6.927257036829101, 12.977678087041127, 11.064925240230426, 11.074540211618551, 12.891828148435742, 6.621223637261972, 10.677603467133185, 7.853595767937794, 10.910575001915802, 12.11303793325472, 6.664586261167389, 13.990152550539282, 5.69200398059921], [5.7298568465388175, 99999999.0, 9.101293357559653, 12.746227600046527, 7.328608563952578, 5.073622843275061, 6.193318555781486, 5.967621716540231, 8.825338813864327, 6.681354903117822, 7.112395675480679, 13.186589233745744, 10.928284894726257, 14.596934306359987, 5.5070327621021615, 10.45264339290243, 6.160504534956866, 5.759501702323515, 11.457515408011933, 12.269239231625399, 10.930798556740307, 5.861338458468096, 13.407746288252959, 12.941878902663282, 5.865220015744356, 12.777954383222927, 5.382491081320836, 6.737892151373081, 9.818541849942584, 5.141191387113367], [5.580092772176405, 9.101293357559653, 99999999.0, 12.341655387291897, 12.07776519864893, 8.894083407661231, 12.280730447036017, 12.144639133235358, 12.685316990585806, 14.625659944955187, 9.346978020062654, 6.875687000874128, 12.952725714678525, 12.070107045622953, 9.040545639919802, 5.822604080759378, 14.659369055183607, 13.800543833205747, 10.113273376650003, 14.163006160224135, 9.771666688001096, 10.803939520201311, 7.949980929837506, 8.002637511212459, 14.879462679431505, 7.353496479114176, 6.754469082773885, 9.815286253769774, 5.521563285401693, 10.364887441897569], [13.61028844463813, 12.746227600046527, 12.341655387291897, 99999999.0, 14.375324510961539, 6.400404611601718, 12.46612003328851, 8.944447187705517, 12.948323307570725, 6.105533520275117, 12.495534748532608, 6.53481665728064, 7.866575165960335, 10.852344213990825, 6.824620090052554, 6.364097885880339, 13.959847901825132, 5.422366630292719, 14.858253970121483, 8.240229069892544, 5.549903373955718, 11.032593338633522, 8.988737708056727, 12.67573964303105, 7.734637125090199, 8.853027295828282, 12.2345788843589, 7.705513039341644, 5.081790019198239, 10.389632710274856], [10.369903792244752, 7.328608563952578, 12.07776519864893, 14.375324510961539, 99999999.0, 11.812539410783724, 7.6914990695366665, 11.72968338576484, 8.702252911468053, 5.942143412912091, 8.886487354675124, 5.128276172502838, 6.040171962354991, 7.0352067871497415, 7.047439232256667, 13.984311447121154, 7.44738320787488, 8.74249342258845, 8.65556553436164, 12.263239782007613, 11.104243996117354, 13.553413620732446, 5.467536563496384, 7.9816523968247965, 9.855479228195296, 7.792020531027248, 13.849104332595427, 8.211439045689206, 11.86189172795263, 13.79983936202634], [12.76580008797151, 5.073622843275061, 8.894083407661231, 6.400404611601718, 11.812539410783724, 99999999.0, 13.184353326888127, 8.265232181001716, 6.379644192686127, 13.726054363170734, 12.636756660290661, 13.034638589192207, 11.84098831063002, 8.84592144611739, 11.04525246131916, 8.432278070879327, 6.495130266052529, 13.792443302666156, 7.181071207994761, 8.05644568469273, 13.626421835753375, 5.565951862244458, 5.370440459024223, 8.910988730540986, 8.364029863802969, 8.463516472351879, 12.935540120542017, 9.302864293039212, 10.644804000780798, 6.074100782607232], [9.457323234138322, 6.193318555781486, 12.280730447036017, 12.46612003328851, 7.6914990695366665, 13.184353326888127, 99999999.0, 14.97370467019228, 11.432115832473743, 14.93984383142259, 12.142023410776869, 9.58595176715134, 7.557703425267119, 11.925993513941254, 5.235232673206821, 5.1181567860050015, 13.776807161572833, 12.625602617124413, 7.6927687941430145, 12.441045161834825, 8.606660881577794, 14.885686163710979, 6.492845678662528, 13.738502410898725, 7.050193774642414, 13.14379816724506, 11.140104834527794, 6.500502310632772, 9.31091236425219, 14.662875615522058], [14.627557849821722, 5.967621716540231, 12.144639133235358, 8.944447187705517, 11.72968338576484, 8.265232181001716, 14.97370467019228, 99999999.0, 13.970898213040735, 5.126916474104965, 6.26465535224969, 13.896219982160732, 8.552273019099793, 13.289950776055104, 5.385008436523918, 11.490511488094938, 7.315890627067453, 11.118369912032193, 10.832734060475575, 13.839865148304527, 9.756947319084972, 13.55191958780407, 12.528660534205097, 6.141633623578986, 8.715881788401127, 7.984866693305475, 10.918716874803351, 10.994139668919587, 8.103674432545978, 10.566116590516977], [13.807421315101681, 8.825338813864327, 12.685316990585806, 12.948323307570725, 8.702252911468053, 6.379644192686127, 11.432115832473743, 13.970898213040735, 99999999.0, 8.883194758732156, 9.252484936487637, 10.217850552078165, 13.120702910518697, 13.090865805024682, 11.59457364016857, 8.602493233964825, 13.378076992919633, 12.644665258101591, 13.89607293598383, 11.752086500337015, 11.483815761974903, 10.421614460810773, 11.734764826995892, 8.242734401582608, 14.126542438467881, 13.944260812141676, 9.03047899898241, 6.294229710704835, 11.153651947657231, 7.245102046226428], [14.107188410965588, 6.681354903117822, 14.625659944955187, 6.105533520275117, 5.942143412912091, 13.726054363170734, 14.93984383142259, 5.126916474104965, 8.883194758732156, 99999999.0, 6.31147207285408, 13.450977106665365, 10.366999273871919, 5.779609125498551, 10.000779833020207, 5.518347558646976, 7.0283113712682, 10.908871898140008, 11.500844257772878, 10.985536352316263, 6.883560746877723, 5.542381729789309, 9.85863569206008, 13.96731912667406, 6.960152209872971, 13.748836846101954, 11.249461766568448, 12.716945417042847, 7.36134714612006, 13.923905988367679], [8.03959468719856, 7.112395675480679, 9.346978020062654, 12.495534748532608, 8.886487354675124, 12.636756660290661, 12.142023410776869, 6.26465535224969, 9.252484936487637, 6.31147207285408, 99999999.0, 13.804188130885123, 12.233805702673894, 6.966244075171021, 12.521329202998597, 10.368962905539892, 6.695217842488351, 6.792410739691526, 11.549431326786385, 13.935895064060567, 7.8323781211798575, 8.849294230297337, 5.4064129183303695, 11.905643246175288, 5.213456777505442, 5.647677982927805, 9.247278722583555, 8.763430854134363, 10.494263311583438, 8.449918567899612], [6.928065327990342, 13.186589233745744, 6.875687000874128, 6.53481665728064, 5.128276172502838, 13.034638589192207, 9.58595176715134, 13.896219982160732, 10.217850552078165, 13.450977106665365, 13.804188130885123, 99999999.0, 14.336938195518199, 8.290654911037844, 8.685813194621101, 12.50197188533322, 7.914329613051346, 11.121217069219977, 10.677699877105365, 8.574112415991934, 9.290536509238258, 8.320868399013754, 14.364666698889708, 7.32240349790564, 10.91738928533176, 8.624957512492855, 14.328855058843784, 5.490585800819577, 9.793049556112516, 8.472957669193207], [14.657675425170568, 10.928284894726257, 12.952725714678525, 7.866575165960335, 6.040171962354991, 11.84098831063002, 7.557703425267119, 8.552273019099793, 13.120702910518697, 10.366999273871919, 12.233805702673894, 14.336938195518199, 99999999.0, 12.848692691626105, 9.84003222877222, 14.032244551632122, 14.032802775177856, 6.550162260334751, 12.948197038284547, 11.790146390326852, 10.114795658643066, 8.956521506366315, 8.30933721067954, 13.847145669991859, 8.068259542462602, 5.575212285921854, 6.66080747058791, 11.04920573147138, 14.95594112831618, 7.004423277121009], [6.202669638399608, 14.596934306359987, 12.070107045622953, 10.852344213990825, 7.0352067871497415, 8.84592144611739, 11.925993513941254, 13.289950776055104, 13.090865805024682, 5.779609125498551, 6.966244075171021, 8.290654911037844, 12.848692691626105, 99999999.0, 11.701168945619195, 8.901550488829677, 9.01858338049701, 14.09231553663931, 5.916431708194102, 6.436830954027505, 14.799911377571632, 13.387520617127667, 6.331544109589926, 10.517930495929713, 7.707556648354799, 10.583913357806319, 11.769873221844652, 11.610148171306681, 11.61332527291681, 13.908591687974], [10.21417153736136, 5.5070327621021615, 9.040545639919802, 6.824620090052554, 7.047439232256667, 11.04525246131916, 5.235232673206821, 5.385008436523918, 11.59457364016857, 10.000779833020207, 12.521329202998597, 8.685813194621101, 9.84003222877222, 11.701168945619195, 99999999.0, 8.12774655899905, 5.473510090478598, 14.97330991220452, 13.03542473861064, 10.751098608112292, 13.911071121017866, 10.874566256401161, 14.088731436734982, 11.859812677713247, 10.455694715561144, 8.114616833269283, 7.67315079961056, 11.20116741191503, 12.810104682022109, 11.781931080252729], [11.542016027014567, 10.45264339290243, 5.822604080759378, 6.364097885880339, 13.984311447121154, 8.432278070879327, 5.1181567860050015, 11.490511488094938, 8.602493233964825, 5.518347558646976, 10.368962905539892, 12.50197188533322, 14.032244551632122, 8.901550488829677, 8.12774655899905, 99999999.0, 5.128999461324179, 8.869966198219576, 9.47844449934846, 13.05997215902903, 8.454003006883339, 8.336802900136671, 7.394599972285939, 8.531014116900575, 12.209182468247116, 11.464194965830796, 8.760224047443408, 12.815170727227148, 6.158297534039424, 14.821425719222614], [6.933457497790686, 6.160504534956866, 14.659369055183607, 13.959847901825132, 7.44738320787488, 6.495130266052529, 13.776807161572833, 7.315890627067453, 13.378076992919633, 7.0283113712682, 6.695217842488351, 7.914329613051346, 14.032802775177856, 9.01858338049701, 5.473510090478598, 5.128999461324179, 99999999.0, 14.084361289808681, 9.431433873903629, 7.160538666245006, 7.807721862883472, 8.625400828198416, 10.10001764646034, 13.708274811210341, 8.470541921860423, 8.716008647029145, 14.85620777176644, 13.785512493712288, 8.594904318865227, 13.8157541734397], [6.927257036829101, 5.759501702323515, 13.800543833205747, 5.422366630292719, 8.74249342258845, 13.792443302666156, 12.625602617124413, 11.118369912032193, 12.644665258101591, 10.908871898140008, 6.792410739691526, 11.121217069219977, 6.550162260334751, 14.09231553663931, 14.97330991220452, 8.869966198219576, 14.084361289808681, 99999999.0, 14.153439246687094, 14.251792354334965, 13.945010360238774, 12.54611676222434, 10.78112809945666, 10.603486303606967, 12.778628065563815, 11.791361890967433, 13.29987682839856, 9.140505826805514, 5.906750758722438, 14.032696605644928], [12.977678087041127, 11.457515408011933, 10.113273376650003, 14.858253970121483, 8.65556553436164, 7.181071207994761, 7.6927687941430145, 10.832734060475575, 13.89607293598383, 11.500844257772878, 11.549431326786385, 10.677699877105365, 12.948197038284547, 5.916431708194102, 13.03542473861064, 9.47844449934846, 9.431433873903629, 14.153439246687094, 99999999.0, 9.187082950201246, 9.391264311134396, 10.255758535518641, 13.594183857597857, 8.294941342850088, 6.513255489939568, 9.672071753166524, 5.82433088689649, 8.288408674800188, 13.480835794526879, 10.693225648775158], [11.064925240230426, 12.269239231625399, 14.163006160224135, 8.240229069892544, 12.263239782007613, 8.05644568469273, 12.441045161834825, 13.839865148304527, 11.752086500337015, 10.985536352316263, 13.935895064060567, 8.574112415991934, 11.790146390326852, 6.436830954027505, 10.751098608112292, 13.05997215902903, 7.160538666245006, 14.251792354334965, 9.187082950201246, 99999999.0, 14.663002224578124, 13.287120186755722, 5.2167913149887655, 14.285129453286114, 14.825629541075365, 5.1193715372132464, 9.48267570515867, 13.493496326730886, 5.993254139640138, 10.02829781470011], [11.074540211618551, 10.930798556740307, 9.771666688001096, 5.549903373955718, 11.104243996117354, 13.626421835753375, 8.606660881577794, 9.756947319084972, 11.483815761974903, 6.883560746877723, 7.8323781211798575, 9.290536509238258, 10.114795658643066, 14.799911377571632, 13.911071121017866, 8.454003006883339, 7.807721862883472, 13.945010360238774, 9.391264311134396, 14.663002224578124, 99999999.0, 11.41652530784964, 5.887381445531505, 6.18910973980448, 12.613691094037932, 10.689697986203816, 11.728858434715637, 7.358858055089998, 14.822357139837589, 11.75793006827562], [12.891828148435742, 5.861338458468096, 10.803939520201311, 11.032593338633522, 13.553413620732446, 5.565951862244458, 14.885686163710979, 13.55191958780407, 10.421614460810773, 5.542381729789309, 8.849294230297337, 8.320868399013754, 8.956521506366315, 13.387520617127667, 10.874566256401161, 8.336802900136671, 8.625400828198416, 12.54611676222434, 10.255758535518641, 13.287120186755722, 11.41652530784964, 99999999.0, 14.562526652764356, 9.008960889250583, 12.509311859857686, 8.593928836826173, 13.773143339669904, 6.871393642654581, 10.953454711508494, 14.802325874717866], [6.621223637261972, 13.407746288252959, 7.949980929837506, 8.988737708056727, 5.467536563496384, 5.370440459024223, 6.492845678662528, 12.528660534205097, 11.734764826995892, 9.85863569206008, 5.4064129183303695, 14.364666698889708, 8.30933721067954, 6.331544109589926, 14.088731436734982, 7.394599972285939, 10.10001764646034, 10.78112809945666, 13.594183857597857, 5.2167913149887655, 5.887381445531505, 14.562526652764356, 99999999.0, 7.556768807038336, 11.602531230719933, 14.949429715663229, 12.531559509696708, 12.152918644143163, 7.642249431350761, 12.103378506756853], [10.677603467133185, 12.941878902663282, 8.002637511212459, 12.67573964303105, 7.9816523968247965, 8.910988730540986, 13.738502410898725, 6.141633623578986, 8.242734401582608, 13.96731912667406, 11.905643246175288, 7.32240349790564, 13.847145669991859, 10.517930495929713, 11.859812677713247, 8.531014116900575, 13.708274811210341, 10.603486303606967, 8.294941342850088, 14.285129453286114, 6.18910973980448, 9.008960889250583, 7.556768807038336, 99999999.0, 8.369686357002298, 11.245813783198969, 12.784718905727644, 5.894303167382489, 13.31737036545161, 8.79325109564892], [7.853595767937794, 5.865220015744356, 14.879462679431505, 7.734637125090199, 9.855479228195296, 8.364029863802969, 7.050193774642414, 8.715881788401127, 14.126542438467881, 6.960152209872971, 5.213456777505442, 10.91738928533176, 8.068259542462602, 7.707556648354799, 10.455694715561144, 12.209182468247116, 8.470541921860423, 12.778628065563815, 6.513255489939568, 14.825629541075365, 12.613691094037932, 12.509311859857686, 11.602531230719933, 8.369686357002298, 99999999.0, 7.481430106683615, 11.578819556957333, 7.021956117124695, 7.278859730728833, 12.322682019533458], [10.910575001915802, 12.777954383222927, 7.353496479114176, 8.853027295828282, 7.792020531027248, 8.463516472351879, 13.14379816724506, 7.984866693305475, 13.944260812141676, 13.748836846101954, 5.647677982927805, 8.624957512492855, 5.575212285921854, 10.583913357806319, 8.114616833269283, 11.464194965830796, 8.716008647029145, 11.791361890967433, 9.672071753166524, 5.1193715372132464, 10.689697986203816, 8.593928836826173, 14.949429715663229, 11.245813783198969, 7.481430106683615, 99999999.0, 9.961175659720833, 6.551032926320493, 6.839671705266452, 5.602879849535659], [12.11303793325472, 5.382491081320836, 6.754469082773885, 12.2345788843589, 13.849104332595427, 12.935540120542017, 11.140104834527794, 10.918716874803351, 9.03047899898241, 11.249461766568448, 9.247278722583555, 14.328855058843784, 6.66080747058791, 11.769873221844652, 7.67315079961056, 8.760224047443408, 14.85620777176644, 13.29987682839856, 5.82433088689649, 9.48267570515867, 11.728858434715637, 13.773143339669904, 12.531559509696708, 12.784718905727644, 11.578819556957333, 9.961175659720833, 99999999.0, 8.272146686729275, 10.743910487399946, 7.244911699670972], [6.664586261167389, 6.737892151373081, 9.815286253769774, 7.705513039341644, 8.211439045689206, 9.302864293039212, 6.500502310632772, 10.994139668919587, 6.294229710704835, 12.716945417042847, 8.763430854134363, 5.490585800819577, 11.04920573147138, 11.610148171306681, 11.20116741191503, 12.815170727227148, 13.785512493712288, 9.140505826805514, 8.288408674800188, 13.493496326730886, 7.358858055089998, 6.871393642654581, 12.152918644143163, 5.894303167382489, 7.021956117124695, 6.551032926320493, 8.272146686729275, 99999999.0, 5.000232885628507, 13.061803990423865], [13.990152550539282, 9.818541849942584, 5.521563285401693, 5.081790019198239, 11.86189172795263, 10.644804000780798, 9.31091236425219, 8.103674432545978, 11.153651947657231, 7.36134714612006, 10.494263311583438, 9.793049556112516, 14.95594112831618, 11.61332527291681, 12.810104682022109, 6.158297534039424, 8.594904318865227, 5.906750758722438, 13.480835794526879, 5.993254139640138, 14.822357139837589, 10.953454711508494, 7.642249431350761, 13.31737036545161, 7.278859730728833, 6.839671705266452, 10.743910487399946, 5.000232885628507, 99999999.0, 5.590648873173942], [5.69200398059921, 5.141191387113367, 10.364887441897569, 10.389632710274856, 13.79983936202634, 6.074100782607232, 14.662875615522058, 10.566116590516977, 7.245102046226428, 13.923905988367679, 8.449918567899612, 8.472957669193207, 7.004423277121009, 13.908591687974, 11.781931080252729, 14.821425719222614, 13.8157541734397, 14.032696605644928, 10.693225648775158, 10.02829781470011, 11.75793006827562, 14.802325874717866, 12.103378506756853, 8.79325109564892, 12.322682019533458, 5.602879849535659, 7.244911699670972, 13.061803990423865, 5.590648873173942, 99999999.0]];
