M = 99999999.0;
numWorkers = 25;
numRoles = 4;
numNodes = 30;
wStart = [0, 41.38218711643124, 42.472402483273875, 85.33698438842572, 211.6811248150474, 291.37602002256887, 95.31754529508801, 253.835705882136, 142.66442045093302, 174.19500675732868, 332.2073179658947, 290.56719962484374, 72.57793029619971, 273.77966603748087, 374.121927069784, 159.2229557938067, 399.3709444823827, 76.1413186637037, 270.80773654722134, 90.67624868251353, 189.13257630136786, 171.2354671537112, 396.91521375851534, 311.19341223883407, 256.17092516576275, 125.48594078086505, 246.2914608837636, 376.25522733884094, 96.33380122082329, 0];
wEnd = [0, 70.71518070446928, 78.8438975024331, 113.01219796914414, 249.40777146743886, 323.345985471249, 120.80470230126801, 292.04718910906934, 169.09291047398852, 207.71607103014753, 358.6079532621742, 315.9210071570519, 111.9326626146149, 307.80346459604027, 414.1005740518562, 190.08734243126878, 425.41227216819914, 114.1767068949883, 309.9536651265008, 122.24376420729399, 221.78610098504595, 209.9177227071508, 436.84096269545387, 350.3353410262709, 293.53964599967463, 162.8967013944005, 281.4079053966195, 406.8039942498705, 134.51380157850082, 450];
p = [0, 8.878360733045376, 22.811676718895768, 9.40151979144352, 11.353781710940087, 17.588071790844676, 8.58599452637889, 15.032219884087594, 14.035191361583642, 15.982235081081635, 13.233103512827538, 8.158941087129385, 19.604668691550295, 17.962496962066147, 23.74517188443942, 18.501528280943358, 7.605554693368644, 14.68548632321375, 10.081752131814227, 12.42178748442733, 12.29425572129214, 11.173256553719984, 10.569745635822876, 13.522339775608259, 13.414969614327257, 14.922013798862487, 9.956210624641017, 19.591032927713233, 9.567275793156377, 0];
e = [[1, 0, 0, 1], [0, 1, 0, 1], [1, 0, 1, 0], [0, 1, 1, 0], [0, 0, 1, 1], [0, 0, 1, 1], [1, 0, 0, 1], [0, 1, 0, 1], [1, 0, 1, 0], [1, 0, 1, 0], [0, 1, 0, 1], [1, 0, 1, 0], [1, 1, 0, 0], [0, 1, 1, 0], [1, 0, 1, 0], [0, 0, 1, 0], [1, 0, 0, 0], [0, 1, 0, 0], [0, 0, 0, 1], [0, 0, 0, 1], [0, 1, 0, 0], [0, 1, 0, 0], [1, 0, 0, 0], [0, 1, 0, 0], [0, 0, 0, 1]];
d = [[0, 3, 2, 0, 1, 1, 3, 0, 0, 3, 1, 1, 1, 1, 1, 1, 1, 2, 0, 0, 0, 0, 1, 1, 2, 3, 0, 3], [2, 2, 1, 2, 3, 4, 0, 1, 1, 1, 1, 2, 2, 2, 1, 0, 1, 3, 2, 2, 0, 3, 2, 2, 2, 1, 2, 3], [2, 0, 0, 1, 0, 1, 0, 1, 3, 1, 0, 2, 1, 0, 4, 1, 2, 0, 1, 2, 1, 0, 1, 0, 2, 2, 0, 0], [2, 1, 0, 1, 4, 1, 0, 1, 0, 2, 3, 1, 1, 3, 1, 1, 1, 0, 0, 2, 4, 1, 1, 3, 2, 0, 1, 0]];
r = [1065.9604979658234, 2393.337757605683, 1523.2509557641622, 1809.0776323701075, 3494.6221363859786, 961.3398869695131, 1909.0772345430785, 1930.3431553688222, 2717.795677996237, 1356.553611566583, 624.4289877180719, 3294.5861520098315, 2088.843155093312, 3415.085145493367, 2901.291481758138, 856.6891079854798, 1996.2191072704975, 1630.534368219848, 2452.614498484741, 2018.5061395189186, 726.5878924896374, 1302.7983823632285, 2230.9382268459444, 1165.4564856039076, 2597.534916772961, 1509.3998623035284, 2425.024317371704, 1516.585514181861];
b = [[[0.0, 0.0, 0.0, 0.0, 0.0, 0.0, 0.0, 0.0, 0.0, 0.0, 0.0, 0.0, 0.0, 0.0, 0.0, 0.0, 0.0, 0.0, 0.0, 0.0, 0.0, 0.0, 0.0, 0.0, 0.0, 0.0, 0.0, 0.0], [0.0, 0.0, 0.0, 0.0, 0.0, 0.0, 0.0, 0.0, 0.0, 0.0, 0.0, 0.0, 0.0, 0.0, 0.0, 0.0, 0.0, 0.0, 0.0, 0.0, 0.0, 0.0, 0.0, 0.0, 0.0, 0.0, 0.0, 0.0], [0.0, 0.0, 0.0, 0.0, 0.0, 0.0, 0.0, 0.0, 0.0, 0.0, 0.0, 0.0, 0.0, 0.0, 0.0, 0.0, 0.0, 0.0, 0.0, 0.0, 0.0, 0.0, 0.0, 0.0, 0.0, 0.0, 0.0, 0.0], [0.0, 0.0, 0.0, 0.0, 0.0, 0.0, 0.0, 0.0, 0.0, 0.0, 0.0, 0.0, 0.0, 0.0, 0.0, 0.0, 0.0, 0.0, 0.0, 0.0, 0.0, 0.0, 0.0, 0.0, 0.0, 0.0, 0.0, 0.0]], [[0.0, 0.0, 0.0, 0.0, 0.0, 0.0, 0.0, 0.0, 0.0, 0.0, 0.0, 0.0, 0.0, 0.0, 0.0, 0.0, 0.0, 0.0, 0.0, 0.0, 0.0, 0.0, 0.0, 0.0, 0.0, 0.0, 0.0, 0.0], [0.0, 0.0, 0.0, 0.0, 0.0, 0.0, 0.0, 0.0, 0.0, 0.0, 0.0, 0.0, 0.0, 0.0, 0.0, 0.0, 0.0, 0.0, 0.0, 0.0, 0.0, 0.0, 0.0, 0.0, 0.0, 0.0, 0.0, 0.0], [0.0, 0.0, 0.0, 0.0, 0.0, 0.0, 0.0, 0.0, 0.0, 0.0, 0.0, 0.0, 0.0, 0.0, 0.0, 0.0, 0.0, 0.0, 0.0, 0.0, 0.0, 0.0, 0.0, 0.0, 0.0, 0.0, 0.0, 0.0], [0.0, 0.0, 0.0, 0.0, 0.0, 0.0, 0.0, 0.0, 0.0, 0.0, 0.0, 0.0, 0.0, 0.0, 0.0, 0.0, 0.0, 0.0, 0.0, 0.0, 0.0, 0.0, 0.0, 0.0, 0.0, 0.0, 0.0, 0.0]], [[0.0, 0.0, 0.0, 0.0, 0.0, 0.0, 0.0, 0.0, 0.0, 0.0, 0.0, 0.0, 0.0, 0.0, 0.0, 0.0, 0.0, 0.0, 0.0, 0.0, 0.0, 0.0, 0.0, 0.0, 0.0, 0.0, 0.0, 0.0], [0.0, 0.0, 0.0, 0.0, 0.0, 0.0, 0.0, 0.0, 0.0, 0.0, 0.0, 0.0, 0.0, 0.0, 0.0, 0.0, 0.0, 0.0, 0.0, 0.0, 0.0, 0.0, 0.0, 0.0, 0.0, 0.0, 0.0, 0.0], [0.0, 0.0, 0.0, 0.0, 0.0, 0.0, 0.0, 0.0, 0.0, 0.0, 0.0, 0.0, 0.0, 0.0, 0.0, 0.0, 0.0, 0.0, 0.0, 0.0, 0.0, 0.0, 0.0, 0.0, 0.0, 0.0, 0.0, 0.0], [0.0, 0.0, 0.0, 0.0, 0.0, 0.0, 0.0, 0.0, 0.0, 0.0, 0.0, 0.0, 0.0, 0.0, 0.0, 0.0, 0.0, 0.0, 0.0, 0.0, 0.0, 0.0, 0.0, 0.0, 0.0, 0.0, 0.0, 0.0]], [[0.0, 0.0, 0.0, 0.0, 0.0, 0.0, 0.0, 0.0, 0.0, 0.0, 0.0, 0.0, 0.0, 0.0, 0.0, 0.0, 0.0, 0.0, 0.0, 0.0, 0.0, 0.0, 0.0, 0.0, 0.0, 0.0, 0.0, 0.0], [0.0, 0.0, 0.0, 0.0, 0.0, 0.0, 0.0, 0.0, 0.0, 0.0, 0.0, 0.0, 0.0, 0.0, 0.0, 0.0, 0.0, 0.0, 0.0, 0.0, 0.0, 0.0, 0.0, 0.0, 0.0, 0.0, 0.0, 0.0], [0.0, 0.0, 0.0, 0.0, 0.0, 0.0, 0.0, 0.0, 0.0, 0.0, 0.0, 0.0, 0.0, 0.0, 0.0, 0.0, 0.0, 0.0, 0.0, 0.0, 0.0, 0.0, 0.0, 0.0, 0.0, 0.0, 0.0, 0.0], [0.0, 0.0, 0.0, 0.0, 0.0, 0.0, 0.0, 0.0, 0.0, 0.0, 0.0, 0.0, 0.0, 0.0, 0.0, 0.0, 0.0, 0.0, 0.0, 0.0, 0.0, 0.0, 0.0, 0.0, 0.0, 0.0, 0.0, 0.0]], [[0.0, 0.0, 0.0, 0.0, 0.0, 0.0, 0.0, 0.0, 0.0, 0.0, 0.0, 0.0, 0.0, 0.0, 0.0, 0.0, 0.0, 0.0, 0.0, 0.0, 0.0, 0.0, 0.0, 0.0, 0.0, 0.0, 0.0, 0.0], [0.0, 0.0, 0.0, 0.0, 0.0, 0.0, 0.0, 0.0, 0.0, 0.0, 0.0, 0.0, 0.0, 0.0, 0.0, 0.0, 0.0, 0.0, 0.0, 0.0, 0.0, 0.0, 0.0, 0.0, 0.0, 0.0, 0.0, 0.0], [0.0, 0.0, 0.0, 0.0, 0.0, 0.0, 0.0, 0.0, 0.0, 0.0, 0.0, 0.0, 0.0, 0.0, 0.0, 0.0, 0.0, 0.0, 0.0, 0.0, 0.0, 0.0, 0.0, 0.0, 0.0, 0.0, 0.0, 0.0], [0.0, 0.0, 0.0, 0.0, 0.0, 0.0, 0.0, 0.0, 0.0, 0.0, 0.0, 0.0, 0.0, 0.0, 0.0, 0.0, 0.0, 0.0, 0.0, 0.0, 0.0, 0.0, 0.0, 0.0, 0.0, 0.0, 0.0, 0.0]], [[0.0, 0.0, 0.0, 0.0, 0.0, 0.0, 0.0, 0.0, 0.0, 0.0, 0.0, 0.0, 0.0, 0.0, 0.0, 0.0, 0.0, 0.0, 0.0, 0.0, 0.0, 0.0, 0.0, 0.0, 0.0, 0.0, 0.0, 0.0], [0.0, 0.0, 0.0, 0.0, 0.0, 0.0, 0.0, 0.0, 0.0, 0.0, 0.0, 0.0, 0.0, 0.0, 0.0, 0.0, 0.0, 0.0, 0.0, 0.0, 0.0, 0.0, 0.0, 0.0, 0.0, 0.0, 0.0, 0.0], [0.0, 0.0, 0.0, 0.0, 0.0, 0.0, 0.0, 0.0, 0.0, 0.0, 0.0, 0.0, 0.0, 0.0, 0.0, 0.0, 0.0, 0.0, 0.0, 0.0, 0.0, 0.0, 0.0, 0.0, 0.0, 0.0, 0.0, 0.0], [0.0, 0.0, 0.0, 0.0, 0.0, 0.0, 0.0, 0.0, 0.0, 0.0, 0.0, 0.0, 0.0, 0.0, 0.0, 0.0, 0.0, 0.0, 0.0, 0.0, 0.0, 0.0, 0.0, 0.0, 0.0, 0.0, 0.0, 0.0]], [[0.0, 0.0, 0.0, 0.0, 0.0, 0.0, 0.0, 0.0, 0.0, 0.0, 0.0, 0.0, 0.0, 0.0, 0.0, 0.0, 0.0, 0.0, 0.0, 0.0, 0.0, 0.0, 0.0, 0.0, 0.0, 0.0, 0.0, 0.0], [0.0, 0.0, 0.0, 0.0, 0.0, 0.0, 0.0, 0.0, 0.0, 0.0, 0.0, 0.0, 0.0, 0.0, 0.0, 0.0, 0.0, 0.0, 0.0, 0.0, 0.0, 0.0, 0.0, 0.0, 0.0, 0.0, 0.0, 0.0], [0.0, 0.0, 0.0, 0.0, 0.0, 0.0, 0.0, 0.0, 0.0, 0.0, 0.0, 0.0, 0.0, 0.0, 0.0, 0.0, 0.0, 0.0, 0.0, 0.0, 0.0, 0.0, 0.0, 0.0, 0.0, 0.0, 0.0, 0.0], [0.0, 0.0, 0.0, 0.0, 0.0, 0.0, 0.0, 0.0, 0.0, 0.0, 0.0, 0.0, 0.0, 0.0, 0.0, 0.0, 0.0, 0.0, 0.0, 0.0, 0.0, 0.0, 0.0, 0.0, 0.0, 0.0, 0.0, 0.0]], [[0.0, 0.0, 0.0, 0.0, 0.0, 0.0, 0.0, 0.0, 0.0, 0.0, 0.0, 0.0, 0.0, 0.0, 0.0, 0.0, 0.0, 0.0, 0.0, 0.0, 0.0, 0.0, 0.0, 0.0, 0.0, 0.0, 0.0, 0.0], [0.0, 0.0, 0.0, 0.0, 0.0, 0.0, 0.0, 0.0, 0.0, 0.0, 0.0, 0.0, 0.0, 0.0, 0.0, 0.0, 0.0, 0.0, 0.0, 0.0, 0.0, 0.0, 0.0, 0.0, 0.0, 0.0, 0.0, 0.0], [0.0, 0.0, 0.0, 0.0, 0.0, 0.0, 0.0, 0.0, 0.0, 0.0, 0.0, 0.0, 0.0, 0.0, 0.0, 0.0, 0.0, 0.0, 0.0, 0.0, 0.0, 0.0, 0.0, 0.0, 0.0, 0.0, 0.0, 0.0], [0.0, 0.0, 0.0, 0.0, 0.0, 0.0, 0.0, 0.0, 0.0, 0.0, 0.0, 0.0, 0.0, 0.0, 0.0, 0.0, 0.0, 0.0, 0.0, 0.0, 0.0, 0.0, 0.0, 0.0, 0.0, 0.0, 0.0, 0.0]], [[0.0, 0.0, 0.0, 0.0, 0.0, 0.0, 0.0, 0.0, 0.0, 0.0, 0.0, 0.0, 0.0, 0.0, 0.0, 0.0, 0.0, 0.0, 0.0, 0.0, 0.0, 0.0, 0.0, 0.0, 0.0, 0.0, 0.0, 0.0], [0.0, 0.0, 0.0, 0.0, 0.0, 0.0, 0.0, 0.0, 0.0, 0.0, 0.0, 0.0, 0.0, 0.0, 0.0, 0.0, 0.0, 0.0, 0.0, 0.0, 0.0, 0.0, 0.0, 0.0, 0.0, 0.0, 0.0, 0.0], [0.0, 0.0, 0.0, 0.0, 0.0, 0.0, 0.0, 0.0, 0.0, 0.0, 0.0, 0.0, 0.0, 0.0, 0.0, 0.0, 0.0, 0.0, 0.0, 0.0, 0.0, 0.0, 0.0, 0.0, 0.0, 0.0, 0.0, 0.0], [0.0, 0.0, 0.0, 0.0, 0.0, 0.0, 0.0, 0.0, 0.0, 0.0, 0.0, 0.0, 0.0, 0.0, 0.0, 0.0, 0.0, 0.0, 0.0, 0.0, 0.0, 0.0, 0.0, 0.0, 0.0, 0.0, 0.0, 0.0]], [[0.0, 0.0, 0.0, 0.0, 0.0, 0.0, 0.0, 0.0, 0.0, 0.0, 0.0, 0.0, 0.0, 0.0, 0.0, 0.0, 0.0, 0.0, 0.0, 0.0, 0.0, 0.0, 0.0, 0.0, 0.0, 0.0, 0.0, 0.0], [0.0, 0.0, 0.0, 0.0, 0.0, 0.0, 0.0, 0.0, 0.0, 0.0, 0.0, 0.0, 0.0, 0.0, 0.0, 0.0, 0.0, 0.0, 0.0, 0.0, 0.0, 0.0, 0.0, 0.0, 0.0, 0.0, 0.0, 0.0], [0.0, 0.0, 0.0, 0.0, 0.0, 0.0, 0.0, 0.0, 0.0, 0.0, 0.0, 0.0, 0.0, 0.0, 0.0, 0.0, 0.0, 0.0, 0.0, 0.0, 0.0, 0.0, 0.0, 0.0, 0.0, 0.0, 0.0, 0.0], [0.0, 0.0, 0.0, 0.0, 0.0, 0.0, 0.0, 0.0, 0.0, 0.0, 0.0, 0.0, 0.0, 0.0, 0.0, 0.0, 0.0, 0.0, 0.0, 0.0, 0.0, 0.0, 0.0, 0.0, 0.0, 0.0, 0.0, 0.0]], [[0.0, 0.0, 0.0, 0.0, 0.0, 0.0, 0.0, 0.0, 0.0, 0.0, 0.0, 0.0, 0.0, 0.0, 0.0, 0.0, 0.0, 0.0, 0.0, 0.0, 0.0, 0.0, 0.0, 0.0, 0.0, 0.0, 0.0, 0.0], [0.0, 0.0, 0.0, 0.0, 0.0, 0.0, 0.0, 0.0, 0.0, 0.0, 0.0, 0.0, 0.0, 0.0, 0.0, 0.0, 0.0, 0.0, 0.0, 0.0, 0.0, 0.0, 0.0, 0.0, 0.0, 0.0, 0.0, 0.0], [0.0, 0.0, 0.0, 0.0, 0.0, 0.0, 0.0, 0.0, 0.0, 0.0, 0.0, 0.0, 0.0, 0.0, 0.0, 0.0, 0.0, 0.0, 0.0, 0.0, 0.0, 0.0, 0.0, 0.0, 0.0, 0.0, 0.0, 0.0], [0.0, 0.0, 0.0, 0.0, 0.0, 0.0, 0.0, 0.0, 0.0, 0.0, 0.0, 0.0, 0.0, 0.0, 0.0, 0.0, 0.0, 0.0, 0.0, 0.0, 0.0, 0.0, 0.0, 0.0, 0.0, 0.0, 0.0, 0.0]], [[0.0, 0.0, 0.0, 0.0, 0.0, 0.0, 0.0, 0.0, 0.0, 0.0, 0.0, 0.0, 0.0, 0.0, 0.0, 0.0, 0.0, 0.0, 0.0, 0.0, 0.0, 0.0, 0.0, 0.0, 0.0, 0.0, 0.0, 0.0], [0.0, 0.0, 0.0, 0.0, 0.0, 0.0, 0.0, 0.0, 0.0, 0.0, 0.0, 0.0, 0.0, 0.0, 0.0, 0.0, 0.0, 0.0, 0.0, 0.0, 0.0, 0.0, 0.0, 0.0, 0.0, 0.0, 0.0, 0.0], [0.0, 0.0, 0.0, 0.0, 0.0, 0.0, 0.0, 0.0, 0.0, 0.0, 0.0, 0.0, 0.0, 0.0, 0.0, 0.0, 0.0, 0.0, 0.0, 0.0, 0.0, 0.0, 0.0, 0.0, 0.0, 0.0, 0.0, 0.0], [0.0, 0.0, 0.0, 0.0, 0.0, 0.0, 0.0, 0.0, 0.0, 0.0, 0.0, 0.0, 0.0, 0.0, 0.0, 0.0, 0.0, 0.0, 0.0, 0.0, 0.0, 0.0, 0.0, 0.0, 0.0, 0.0, 0.0, 0.0]], [[0.0, 0.0, 0.0, 0.0, 0.0, 0.0, 0.0, 0.0, 0.0, 0.0, 0.0, 0.0, 0.0, 0.0, 0.0, 0.0, 0.0, 0.0, 0.0, 0.0, 0.0, 0.0, 0.0, 0.0, 0.0, 0.0, 0.0, 0.0], [0.0, 0.0, 0.0, 0.0, 0.0, 0.0, 0.0, 0.0, 0.0, 0.0, 0.0, 0.0, 0.0, 0.0, 0.0, 0.0, 0.0, 0.0, 0.0, 0.0, 0.0, 0.0, 0.0, 0.0, 0.0, 0.0, 0.0, 0.0], [0.0, 0.0, 0.0, 0.0, 0.0, 0.0, 0.0, 0.0, 0.0, 0.0, 0.0, 0.0, 0.0, 0.0, 0.0, 0.0, 0.0, 0.0, 0.0, 0.0, 0.0, 0.0, 0.0, 0.0, 0.0, 0.0, 0.0, 0.0], [0.0, 0.0, 0.0, 0.0, 0.0, 0.0, 0.0, 0.0, 0.0, 0.0, 0.0, 0.0, 0.0, 0.0, 0.0, 0.0, 0.0, 0.0, 0.0, 0.0, 0.0, 0.0, 0.0, 0.0, 0.0, 0.0, 0.0, 0.0]], [[0.0, 0.0, 0.0, 0.0, 0.0, 0.0, 0.0, 0.0, 0.0, 0.0, 0.0, 0.0, 0.0, 0.0, 0.0, 0.0, 0.0, 0.0, 0.0, 0.0, 0.0, 0.0, 0.0, 0.0, 0.0, 0.0, 0.0, 0.0], [0.0, 0.0, 0.0, 0.0, 0.0, 0.0, 0.0, 0.0, 0.0, 0.0, 0.0, 0.0, 0.0, 0.0, 0.0, 0.0, 0.0, 0.0, 0.0, 0.0, 0.0, 0.0, 0.0, 0.0, 0.0, 0.0, 0.0, 0.0], [0.0, 0.0, 0.0, 0.0, 0.0, 0.0, 0.0, 0.0, 0.0, 0.0, 0.0, 0.0, 0.0, 0.0, 0.0, 0.0, 0.0, 0.0, 0.0, 0.0, 0.0, 0.0, 0.0, 0.0, 0.0, 0.0, 0.0, 0.0], [0.0, 0.0, 0.0, 0.0, 0.0, 0.0, 0.0, 0.0, 0.0, 0.0, 0.0, 0.0, 0.0, 0.0, 0.0, 0.0, 0.0, 0.0, 0.0, 0.0, 0.0, 0.0, 0.0, 0.0, 0.0, 0.0, 0.0, 0.0]], [[0.0, 0.0, 0.0, 0.0, 0.0, 0.0, 0.0, 0.0, 0.0, 0.0, 0.0, 0.0, 0.0, 0.0, 0.0, 0.0, 0.0, 0.0, 0.0, 0.0, 0.0, 0.0, 0.0, 0.0, 0.0, 0.0, 0.0, 0.0], [0.0, 0.0, 0.0, 0.0, 0.0, 0.0, 0.0, 0.0, 0.0, 0.0, 0.0, 0.0, 0.0, 0.0, 0.0, 0.0, 0.0, 0.0, 0.0, 0.0, 0.0, 0.0, 0.0, 0.0, 0.0, 0.0, 0.0, 0.0], [0.0, 0.0, 0.0, 0.0, 0.0, 0.0, 0.0, 0.0, 0.0, 0.0, 0.0, 0.0, 0.0, 0.0, 0.0, 0.0, 0.0, 0.0, 0.0, 0.0, 0.0, 0.0, 0.0, 0.0, 0.0, 0.0, 0.0, 0.0], [0.0, 0.0, 0.0, 0.0, 0.0, 0.0, 0.0, 0.0, 0.0, 0.0, 0.0, 0.0, 0.0, 0.0, 0.0, 0.0, 0.0, 0.0, 0.0, 0.0, 0.0, 0.0, 0.0, 0.0, 0.0, 0.0, 0.0, 0.0]], [[0.0, 0.0, 0.0, 0.0, 0.0, 0.0, 0.0, 0.0, 0.0, 0.0, 0.0, 0.0, 0.0, 0.0, 0.0, 0.0, 0.0, 0.0, 0.0, 0.0, 0.0, 0.0, 0.0, 0.0, 0.0, 0.0, 0.0, 0.0], [0.0, 0.0, 0.0, 0.0, 0.0, 0.0, 0.0, 0.0, 0.0, 0.0, 0.0, 0.0, 0.0, 0.0, 0.0, 0.0, 0.0, 0.0, 0.0, 0.0, 0.0, 0.0, 0.0, 0.0, 0.0, 0.0, 0.0, 0.0], [0.0, 0.0, 0.0, 0.0, 0.0, 0.0, 0.0, 0.0, 0.0, 0.0, 0.0, 0.0, 0.0, 0.0, 0.0, 0.0, 0.0, 0.0, 0.0, 0.0, 0.0, 0.0, 0.0, 0.0, 0.0, 0.0, 0.0, 0.0], [0.0, 0.0, 0.0, 0.0, 0.0, 0.0, 0.0, 0.0, 0.0, 0.0, 0.0, 0.0, 0.0, 0.0, 0.0, 0.0, 0.0, 0.0, 0.0, 0.0, 0.0, 0.0, 0.0, 0.0, 0.0, 0.0, 0.0, 0.0]], [[0.0, 0.0, 0.0, 0.0, 0.0, 0.0, 0.0, 0.0, 0.0, 0.0, 0.0, 0.0, 0.0, 0.0, 0.0, 0.0, 0.0, 0.0, 0.0, 0.0, 0.0, 0.0, 0.0, 0.0, 0.0, 0.0, 0.0, 0.0], [0.0, 0.0, 0.0, 0.0, 0.0, 0.0, 0.0, 0.0, 0.0, 0.0, 0.0, 0.0, 0.0, 0.0, 0.0, 0.0, 0.0, 0.0, 0.0, 0.0, 0.0, 0.0, 0.0, 0.0, 0.0, 0.0, 0.0, 0.0], [0.0, 0.0, 0.0, 0.0, 0.0, 0.0, 0.0, 0.0, 0.0, 0.0, 0.0, 0.0, 0.0, 0.0, 0.0, 0.0, 0.0, 0.0, 0.0, 0.0, 0.0, 0.0, 0.0, 0.0, 0.0, 0.0, 0.0, 0.0], [0.0, 0.0, 0.0, 0.0, 0.0, 0.0, 0.0, 0.0, 0.0, 0.0, 0.0, 0.0, 0.0, 0.0, 0.0, 0.0, 0.0, 0.0, 0.0, 0.0, 0.0, 0.0, 0.0, 0.0, 0.0, 0.0, 0.0, 0.0]], [[0.0, 0.0, 0.0, 0.0, 0.0, 0.0, 0.0, 0.0, 0.0, 0.0, 0.0, 0.0, 0.0, 0.0, 0.0, 0.0, 0.0, 0.0, 0.0, 0.0, 0.0, 0.0, 0.0, 0.0, 0.0, 0.0, 0.0, 0.0], [0.0, 0.0, 0.0, 0.0, 0.0, 0.0, 0.0, 0.0, 0.0, 0.0, 0.0, 0.0, 0.0, 0.0, 0.0, 0.0, 0.0, 0.0, 0.0, 0.0, 0.0, 0.0, 0.0, 0.0, 0.0, 0.0, 0.0, 0.0], [0.0, 0.0, 0.0, 0.0, 0.0, 0.0, 0.0, 0.0, 0.0, 0.0, 0.0, 0.0, 0.0, 0.0, 0.0, 0.0, 0.0, 0.0, 0.0, 0.0, 0.0, 0.0, 0.0, 0.0, 0.0, 0.0, 0.0, 0.0], [0.0, 0.0, 0.0, 0.0, 0.0, 0.0, 0.0, 0.0, 0.0, 0.0, 0.0, 0.0, 0.0, 0.0, 0.0, 0.0, 0.0, 0.0, 0.0, 0.0, 0.0, 0.0, 0.0, 0.0, 0.0, 0.0, 0.0, 0.0]], [[0.0, 0.0, 0.0, 0.0, 0.0, 0.0, 0.0, 0.0, 0.0, 0.0, 0.0, 0.0, 0.0, 0.0, 0.0, 0.0, 0.0, 0.0, 0.0, 0.0, 0.0, 0.0, 0.0, 0.0, 0.0, 0.0, 0.0, 0.0], [0.0, 0.0, 0.0, 0.0, 0.0, 0.0, 0.0, 0.0, 0.0, 0.0, 0.0, 0.0, 0.0, 0.0, 0.0, 0.0, 0.0, 0.0, 0.0, 0.0, 0.0, 0.0, 0.0, 0.0, 0.0, 0.0, 0.0, 0.0], [0.0, 0.0, 0.0, 0.0, 0.0, 0.0, 0.0, 0.0, 0.0, 0.0, 0.0, 0.0, 0.0, 0.0, 0.0, 0.0, 0.0, 0.0, 0.0, 0.0, 0.0, 0.0, 0.0, 0.0, 0.0, 0.0, 0.0, 0.0], [0.0, 0.0, 0.0, 0.0, 0.0, 0.0, 0.0, 0.0, 0.0, 0.0, 0.0, 0.0, 0.0, 0.0, 0.0, 0.0, 0.0, 0.0, 0.0, 0.0, 0.0, 0.0, 0.0, 0.0, 0.0, 0.0, 0.0, 0.0]], [[0.0, 0.0, 0.0, 0.0, 0.0, 0.0, 0.0, 0.0, 0.0, 0.0, 0.0, 0.0, 0.0, 0.0, 0.0, 0.0, 0.0, 0.0, 0.0, 0.0, 0.0, 0.0, 0.0, 0.0, 0.0, 0.0, 0.0, 0.0], [0.0, 0.0, 0.0, 0.0, 0.0, 0.0, 0.0, 0.0, 0.0, 0.0, 0.0, 0.0, 0.0, 0.0, 0.0, 0.0, 0.0, 0.0, 0.0, 0.0, 0.0, 0.0, 0.0, 0.0, 0.0, 0.0, 0.0, 0.0], [0.0, 0.0, 0.0, 0.0, 0.0, 0.0, 0.0, 0.0, 0.0, 0.0, 0.0, 0.0, 0.0, 0.0, 0.0, 0.0, 0.0, 0.0, 0.0, 0.0, 0.0, 0.0, 0.0, 0.0, 0.0, 0.0, 0.0, 0.0], [0.0, 0.0, 0.0, 0.0, 0.0, 0.0, 0.0, 0.0, 0.0, 0.0, 0.0, 0.0, 0.0, 0.0, 0.0, 0.0, 0.0, 0.0, 0.0, 0.0, 0.0, 0.0, 0.0, 0.0, 0.0, 0.0, 0.0, 0.0]], [[0.0, 0.0, 0.0, 0.0, 0.0, 0.0, 0.0, 0.0, 0.0, 0.0, 0.0, 0.0, 0.0, 0.0, 0.0, 0.0, 0.0, 0.0, 0.0, 0.0, 0.0, 0.0, 0.0, 0.0, 0.0, 0.0, 0.0, 0.0], [0.0, 0.0, 0.0, 0.0, 0.0, 0.0, 0.0, 0.0, 0.0, 0.0, 0.0, 0.0, 0.0, 0.0, 0.0, 0.0, 0.0, 0.0, 0.0, 0.0, 0.0, 0.0, 0.0, 0.0, 0.0, 0.0, 0.0, 0.0], [0.0, 0.0, 0.0, 0.0, 0.0, 0.0, 0.0, 0.0, 0.0, 0.0, 0.0, 0.0, 0.0, 0.0, 0.0, 0.0, 0.0, 0.0, 0.0, 0.0, 0.0, 0.0, 0.0, 0.0, 0.0, 0.0, 0.0, 0.0], [0.0, 0.0, 0.0, 0.0, 0.0, 0.0, 0.0, 0.0, 0.0, 0.0, 0.0, 0.0, 0.0, 0.0, 0.0, 0.0, 0.0, 0.0, 0.0, 0.0, 0.0, 0.0, 0.0, 0.0, 0.0, 0.0, 0.0, 0.0]], [[0.0, 0.0, 0.0, 0.0, 0.0, 0.0, 0.0, 0.0, 0.0, 0.0, 0.0, 0.0, 0.0, 0.0, 0.0, 0.0, 0.0, 0.0, 0.0, 0.0, 0.0, 0.0, 0.0, 0.0, 0.0, 0.0, 0.0, 0.0], [0.0, 0.0, 0.0, 0.0, 0.0, 0.0, 0.0, 0.0, 0.0, 0.0, 0.0, 0.0, 0.0, 0.0, 0.0, 0.0, 0.0, 0.0, 0.0, 0.0, 0.0, 0.0, 0.0, 0.0, 0.0, 0.0, 0.0, 0.0], [0.0, 0.0, 0.0, 0.0, 0.0, 0.0, 0.0, 0.0, 0.0, 0.0, 0.0, 0.0, 0.0, 0.0, 0.0, 0.0, 0.0, 0.0, 0.0, 0.0, 0.0, 0.0, 0.0, 0.0, 0.0, 0.0, 0.0, 0.0], [0.0, 0.0, 0.0, 0.0, 0.0, 0.0, 0.0, 0.0, 0.0, 0.0, 0.0, 0.0, 0.0, 0.0, 0.0, 0.0, 0.0, 0.0, 0.0, 0.0, 0.0, 0.0, 0.0, 0.0, 0.0, 0.0, 0.0, 0.0]], [[0.0, 0.0, 0.0, 0.0, 0.0, 0.0, 0.0, 0.0, 0.0, 0.0, 0.0, 0.0, 0.0, 0.0, 0.0, 0.0, 0.0, 0.0, 0.0, 0.0, 0.0, 0.0, 0.0, 0.0, 0.0, 0.0, 0.0, 0.0], [0.0, 0.0, 0.0, 0.0, 0.0, 0.0, 0.0, 0.0, 0.0, 0.0, 0.0, 0.0, 0.0, 0.0, 0.0, 0.0, 0.0, 0.0, 0.0, 0.0, 0.0, 0.0, 0.0, 0.0, 0.0, 0.0, 0.0, 0.0], [0.0, 0.0, 0.0, 0.0, 0.0, 0.0, 0.0, 0.0, 0.0, 0.0, 0.0, 0.0, 0.0, 0.0, 0.0, 0.0, 0.0, 0.0, 0.0, 0.0, 0.0, 0.0, 0.0, 0.0, 0.0, 0.0, 0.0, 0.0], [0.0, 0.0, 0.0, 0.0, 0.0, 0.0, 0.0, 0.0, 0.0, 0.0, 0.0, 0.0, 0.0, 0.0, 0.0, 0.0, 0.0, 0.0, 0.0, 0.0, 0.0, 0.0, 0.0, 0.0, 0.0, 0.0, 0.0, 0.0]], [[0.0, 0.0, 0.0, 0.0, 0.0, 0.0, 0.0, 0.0, 0.0, 0.0, 0.0, 0.0, 0.0, 0.0, 0.0, 0.0, 0.0, 0.0, 0.0, 0.0, 0.0, 0.0, 0.0, 0.0, 0.0, 0.0, 0.0, 0.0], [0.0, 0.0, 0.0, 0.0, 0.0, 0.0, 0.0, 0.0, 0.0, 0.0, 0.0, 0.0, 0.0, 0.0, 0.0, 0.0, 0.0, 0.0, 0.0, 0.0, 0.0, 0.0, 0.0, 0.0, 0.0, 0.0, 0.0, 0.0], [0.0, 0.0, 0.0, 0.0, 0.0, 0.0, 0.0, 0.0, 0.0, 0.0, 0.0, 0.0, 0.0, 0.0, 0.0, 0.0, 0.0, 0.0, 0.0, 0.0, 0.0, 0.0, 0.0, 0.0, 0.0, 0.0, 0.0, 0.0], [0.0, 0.0, 0.0, 0.0, 0.0, 0.0, 0.0, 0.0, 0.0, 0.0, 0.0, 0.0, 0.0, 0.0, 0.0, 0.0, 0.0, 0.0, 0.0, 0.0, 0.0, 0.0, 0.0, 0.0, 0.0, 0.0, 0.0, 0.0]], [[0.0, 0.0, 0.0, 0.0, 0.0, 0.0, 0.0, 0.0, 0.0, 0.0, 0.0, 0.0, 0.0, 0.0, 0.0, 0.0, 0.0, 0.0, 0.0, 0.0, 0.0, 0.0, 0.0, 0.0, 0.0, 0.0, 0.0, 0.0], [0.0, 0.0, 0.0, 0.0, 0.0, 0.0, 0.0, 0.0, 0.0, 0.0, 0.0, 0.0, 0.0, 0.0, 0.0, 0.0, 0.0, 0.0, 0.0, 0.0, 0.0, 0.0, 0.0, 0.0, 0.0, 0.0, 0.0, 0.0], [0.0, 0.0, 0.0, 0.0, 0.0, 0.0, 0.0, 0.0, 0.0, 0.0, 0.0, 0.0, 0.0, 0.0, 0.0, 0.0, 0.0, 0.0, 0.0, 0.0, 0.0, 0.0, 0.0, 0.0, 0.0, 0.0, 0.0, 0.0], [0.0, 0.0, 0.0, 0.0, 0.0, 0.0, 0.0, 0.0, 0.0, 0.0, 0.0, 0.0, 0.0, 0.0, 0.0, 0.0, 0.0, 0.0, 0.0, 0.0, 0.0, 0.0, 0.0, 0.0, 0.0, 0.0, 0.0, 0.0]]];
t = [[99999999.0, 14.03330668136794, 6.854140474767261, 10.577060682505822, 14.673886537644682, 11.011558205042109, 5.62377615191771, 6.860161662086552, 13.556935541864021, 6.37821339316354, 9.095106382455231, 13.940508970156865, 14.49762388410011, 5.762866962086093, 5.95818806884054, 7.431915097020928, 14.531201464064532, 9.473249111665826, 6.4124537555957435, 12.596444768001314, 10.787072457332062, 13.394362750332103, 8.463948804918342, 11.330214294779381, 5.352975024159149, 11.510134805678248, 6.371836709644866, 8.672786101655841, 10.98855612360002, 9.203081908096994], [14.03330668136794, 99999999.0, 11.448457241712024, 10.777619015178617, 7.146002042964781, 6.4018934031625, 8.12177017722205, 8.362381806044262, 14.78901050353965, 9.28226240063782, 10.547288424291764, 12.92286726905613, 7.150311901621143, 14.831935473161554, 7.965270914527379, 9.445818218621426, 6.300225179507119, 7.851620049742529, 9.391605184659786, 9.209178277588178, 8.039756676833811, 6.726167655822978, 12.421963583934438, 13.18141361562738, 11.348803835986974, 5.152457593174239, 13.51868478030114, 5.9035957271878505, 5.816090451626557, 13.59450049687299], [6.854140474767261, 11.448457241712024, 99999999.0, 10.811311090379284, 7.410976144589998, 12.752579677686224, 6.710618535791704, 13.049194232135658, 6.720995570230111, 6.459315998284996, 9.541343166080564, 7.289749242448855, 11.553283531393976, 6.129362779382754, 13.705736755794636, 5.234324212421722, 8.081744999322698, 11.12454586208023, 10.121174434394206, 5.310508417744374, 10.095702494829762, 10.155235683183449, 6.7667695746843375, 12.067990258214188, 10.043255807807569, 12.077147610245419, 13.578735609840278, 9.210395342329264, 13.95193184262334, 11.222841100854243], [10.577060682505822, 10.777619015178617, 10.811311090379284, 99999999.0, 10.790121920450357, 7.6126641783958355, 8.011089830367297, 10.71437040184331, 9.010594772393183, 6.437324066172911, 12.847794921542619, 11.542672349654673, 11.026434583780333, 9.728333890663981, 11.383859590229193, 9.62509624472764, 6.079247255390252, 9.21130408187052, 10.358784637384336, 8.080412992197267, 6.1051850530127165, 12.101588282209299, 14.264651746444015, 5.168817753802096, 7.5157702886227815, 14.705081333464712, 13.175430255792946, 6.688818406745972, 5.019753133343876, 6.8639709086015435], [14.673886537644682, 7.146002042964781, 7.410976144589998, 10.790121920450357, 99999999.0, 6.846827455973298, 7.07039466924831, 11.634589208933235, 13.331016106896705, 14.656505439109898, 12.048917195539856, 12.002840500986524, 8.208936544326763, 8.80692213900497, 12.18463721053197, 9.75484052858333, 8.81708103376264, 8.420251980156358, 5.496058080492359, 5.578668651132997, 5.589802342550138, 9.659433740433446, 6.750629005647758, 11.597788448281959, 12.129070783362742, 14.912460416891276, 11.51452946689697, 11.526281107397605, 14.55154308038723, 10.95607204476213], [11.011558205042109, 6.4018934031625, 12.752579677686224, 7.6126641783958355, 6.846827455973298, 99999999.0, 5.363826000245546, 7.601043507087936, 8.649641016916434, 9.423813730838074, 6.750817819202166, 12.331086966689458, 6.261118754710027, 12.912877598184341, 8.423968275125777, 12.469683506215787, 13.88915864761701, 11.69890569021716, 6.2620980876117365, 12.162253423825044, 14.030443132670307, 5.527159779800613, 5.002638030141526, 8.589817326627381, 13.634053041263677, 8.42798476171876, 12.221849330747617, 11.44333402487614, 11.608040815861726, 10.511976897982612], [5.62377615191771, 8.12177017722205, 6.710618535791704, 8.011089830367297, 7.07039466924831, 5.363826000245546, 99999999.0, 8.256996620735848, 7.617562287907143, 9.764690089721315, 10.00771896665021, 10.00311273619969, 10.882592585368414, 10.799116070706248, 5.850339243011033, 11.641287476545068, 5.617419724656655, 14.74984534391178, 10.080039647936943, 12.19530008405318, 5.107319021945679, 7.4833486829990505, 9.452737694544329, 9.928866421141754, 8.523800704361022, 8.724036955568904, 11.35042003311446, 11.40070450081166, 8.04896114018598, 5.376966779273529], [6.860161662086552, 8.362381806044262, 13.049194232135658, 10.71437040184331, 11.634589208933235, 7.601043507087936, 8.256996620735848, 99999999.0, 13.702583088668344, 12.512131458904628, 9.821529921167542, 13.275858317310858, 7.653629212974983, 14.929406157947852, 11.04288475140655, 8.670703279174727, 13.783092033690412, 13.60637398658852, 10.227541998339538, 10.272814494378245, 11.72595133414238, 8.98602059443207, 14.954962111125736, 14.881428185986817, 10.160208503146043, 14.35504409637468, 8.252096318697141, 9.659243565021164, 9.927144190955552, 11.625876425068423], [13.556935541864021, 14.78901050353965, 6.720995570230111, 9.010594772393183, 13.331016106896705, 8.649641016916434, 7.617562287907143, 13.702583088668344, 99999999.0, 7.707207131587364, 13.546606156433604, 9.788842517651002, 9.67610991144991, 5.972975659681545, 11.038588791869167, 8.217651334584769, 10.778997183327544, 6.539233099533056, 12.591945879394988, 12.202315433577763, 8.730847669776285, 12.389693019154585, 6.463337847994214, 5.171346218009809, 8.304869922691221, 8.554970723103139, 11.364213929912129, 6.3949381746365574, 13.130327496841316, 10.479404987079553], [6.37821339316354, 9.28226240063782, 6.459315998284996, 6.437324066172911, 14.656505439109898, 9.423813730838074, 9.764690089721315, 12.512131458904628, 7.707207131587364, 99999999.0, 9.168346076983237, 7.393286693552387, 11.939795022301771, 13.076679691477453, 10.704833239356528, 9.160915882317292, 5.63046032626362, 14.524043522500666, 7.957180562557841, 11.237596405749759, 14.133654089096911, 5.285423898150575, 5.4999797470440885, 9.835642833866146, 6.211506391214218, 12.959271569369587, 12.933154234733543, 14.76862991182655, 13.05947922203329, 8.093429074928839], [9.095106382455231, 10.547288424291764, 9.541343166080564, 12.847794921542619, 12.048917195539856, 6.750817819202166, 10.00771896665021, 9.821529921167542, 13.546606156433604, 9.168346076983237, 99999999.0, 8.487549141408948, 9.341000428078967, 8.765880055392822, 8.404640951283918, 13.804301639363931, 7.324427899841446, 7.7650633756044405, 6.971679145135089, 12.845108143486312, 14.239443618347853, 8.19618786227742, 6.81532930771967, 12.480699818685418, 14.587005252647263, 11.979068817095005, 6.784383730775854, 7.068257692964018, 12.911124813389042, 12.528436900573457], [13.940508970156865, 12.92286726905613, 7.289749242448855, 11.542672349654673, 12.002840500986524, 12.331086966689458, 10.00311273619969, 13.275858317310858, 9.788842517651002, 7.393286693552387, 8.487549141408948, 99999999.0, 12.808776233844686, 14.92658607852745, 12.009413793166244, 9.34368416451427, 9.194689735484829, 13.532721056792075, 13.472128565270626, 13.884371498925685, 7.3841352215979015, 10.603712358399342, 7.3230047593194305, 14.94692697438697, 12.010193477467867, 9.29964224249601, 13.698871862822283, 13.768633945847554, 5.068210208416194, 10.806551105413519], [14.49762388410011, 7.150311901621143, 11.553283531393976, 11.026434583780333, 8.208936544326763, 6.261118754710027, 10.882592585368414, 7.653629212974983, 9.67610991144991, 11.939795022301771, 9.341000428078967, 12.808776233844686, 99999999.0, 9.40556495101375, 12.764433718809634, 11.268382902979276, 11.073734403637202, 12.249982538786524, 9.091777622053463, 6.099762797466965, 10.269493353714712, 13.538236965654727, 9.73390478018513, 11.873991810642478, 7.498645278458056, 10.44741581772644, 13.758482468390596, 7.506146527594385, 8.974192113275738, 5.0696683324201475], [5.762866962086093, 14.831935473161554, 6.129362779382754, 9.728333890663981, 8.80692213900497, 12.912877598184341, 10.799116070706248, 14.929406157947852, 5.972975659681545, 13.076679691477453, 8.765880055392822, 14.92658607852745, 9.40556495101375, 99999999.0, 14.645458625394593, 8.552367037959812, 5.130345571368002, 6.548327813352767, 11.670165197910698, 7.649434206755083, 7.369008591393689, 14.248540848964915, 13.175068189650043, 10.26172805206279, 11.485875018529573, 10.418940789583829, 10.322366730259727, 5.327233866157704, 14.60660140384169, 5.577406229763672], [5.95818806884054, 7.965270914527379, 13.705736755794636, 11.383859590229193, 12.18463721053197, 8.423968275125777, 5.850339243011033, 11.04288475140655, 11.038588791869167, 10.704833239356528, 8.404640951283918, 12.009413793166244, 12.764433718809634, 14.645458625394593, 99999999.0, 14.52245366069085, 8.368577567300061, 12.400509247868492, 10.087327401831626, 13.882043804864628, 6.095599229399031, 6.062452646873134, 9.970418144062041, 10.908026575158251, 11.429593810200785, 14.62614263616999, 11.461818707328447, 11.462484488107638, 10.781729150670301, 7.150341860615667], [7.431915097020928, 9.445818218621426, 5.234324212421722, 9.62509624472764, 9.75484052858333, 12.469683506215787, 11.641287476545068, 8.670703279174727, 8.217651334584769, 9.160915882317292, 13.804301639363931, 9.34368416451427, 11.268382902979276, 8.552367037959812, 14.52245366069085, 99999999.0, 8.426908847272164, 11.887331794948977, 9.96117938180057, 5.967977657374705, 7.0649449275170895, 5.652645174565388, 14.459089935355335, 11.597200802321145, 13.461690708521925, 11.741160543648187, 13.323247982107729, 7.213429488420031, 14.97423344052116, 13.274229228762099], [14.531201464064532, 6.300225179507119, 8.081744999322698, 6.079247255390252, 8.81708103376264, 13.88915864761701, 5.617419724656655, 13.783092033690412, 10.778997183327544, 5.63046032626362, 7.324427899841446, 9.194689735484829, 11.073734403637202, 5.130345571368002, 8.368577567300061, 8.426908847272164, 99999999.0, 11.538101781391799, 13.66005364643166, 7.4573851300821845, 12.216420310209628, 9.08042950959054, 13.54894561453715, 11.983915709407363, 13.870086262950423, 11.649864870738153, 8.198026084747099, 12.139247886591932, 11.80710017694951, 11.381131578201128], [9.473249111665826, 7.851620049742529, 11.12454586208023, 9.21130408187052, 8.420251980156358, 11.69890569021716, 14.74984534391178, 13.60637398658852, 6.539233099533056, 14.524043522500666, 7.7650633756044405, 13.532721056792075, 12.249982538786524, 6.548327813352767, 12.400509247868492, 11.887331794948977, 11.538101781391799, 99999999.0, 12.841080111912596, 6.11776660700631, 10.022128119234587, 11.145812166983177, 14.26033267486599, 14.271090157967349, 7.251844900327093, 6.165348883880504, 10.34894370924572, 5.693508443794774, 10.063932640138717, 10.000305310124693], [6.4124537555957435, 9.391605184659786, 10.121174434394206, 10.358784637384336, 5.496058080492359, 6.2620980876117365, 10.080039647936943, 10.227541998339538, 12.591945879394988, 7.957180562557841, 6.971679145135089, 13.472128565270626, 9.091777622053463, 11.670165197910698, 10.087327401831626, 9.96117938180057, 13.66005364643166, 12.841080111912596, 99999999.0, 7.642885072226033, 12.999469612379652, 13.335760498703468, 5.92238931720249, 14.27404007322412, 13.029855685100737, 9.227469342643085, 12.033218524091458, 11.759512619378132, 14.679790992291204, 11.259061241223629], [12.596444768001314, 9.209178277588178, 5.310508417744374, 8.080412992197267, 5.578668651132997, 12.162253423825044, 12.19530008405318, 10.272814494378245, 12.202315433577763, 11.237596405749759, 12.845108143486312, 13.884371498925685, 6.099762797466965, 7.649434206755083, 13.882043804864628, 5.967977657374705, 7.4573851300821845, 6.11776660700631, 7.642885072226033, 99999999.0, 5.812447131586809, 8.159367671577622, 14.781109605577122, 11.347850549429033, 8.961580234869963, 9.132625771377995, 5.840659334539461, 13.797375187769372, 7.874791313586006, 10.75722772399157], [10.787072457332062, 8.039756676833811, 10.095702494829762, 6.1051850530127165, 5.589802342550138, 14.030443132670307, 5.107319021945679, 11.72595133414238, 8.730847669776285, 14.133654089096911, 14.239443618347853, 7.3841352215979015, 10.269493353714712, 7.369008591393689, 6.095599229399031, 7.0649449275170895, 12.216420310209628, 10.022128119234587, 12.999469612379652, 5.812447131586809, 99999999.0, 7.9246000793710625, 14.707918638533906, 13.834909045229365, 6.05949825937537, 8.32292133750845, 7.406264654299983, 8.494343716861804, 8.19115685339155, 6.4083924622979485], [13.394362750332103, 6.726167655822978, 10.155235683183449, 12.101588282209299, 9.659433740433446, 5.527159779800613, 7.4833486829990505, 8.98602059443207, 12.389693019154585, 5.285423898150575, 8.19618786227742, 10.603712358399342, 13.538236965654727, 14.248540848964915, 6.062452646873134, 5.652645174565388, 9.08042950959054, 11.145812166983177, 13.335760498703468, 8.159367671577622, 7.9246000793710625, 99999999.0, 10.752747250513082, 5.266646675524889, 10.904392388079426, 6.052168746144016, 5.863176310109712, 7.1738841307384895, 5.661715503616386, 8.842019662793318], [8.463948804918342, 12.421963583934438, 6.7667695746843375, 14.264651746444015, 6.750629005647758, 5.002638030141526, 9.452737694544329, 14.954962111125736, 6.463337847994214, 5.4999797470440885, 6.81532930771967, 7.3230047593194305, 9.73390478018513, 13.175068189650043, 9.970418144062041, 14.459089935355335, 13.54894561453715, 14.26033267486599, 5.92238931720249, 14.781109605577122, 14.707918638533906, 10.752747250513082, 99999999.0, 12.779427815164832, 12.18986310573027, 12.202291194607572, 10.907941938711307, 11.360593562890575, 12.566650483940515, 7.264079009450647], [11.330214294779381, 13.18141361562738, 12.067990258214188, 5.168817753802096, 11.597788448281959, 8.589817326627381, 9.928866421141754, 14.881428185986817, 5.171346218009809, 9.835642833866146, 12.480699818685418, 14.94692697438697, 11.873991810642478, 10.26172805206279, 10.908026575158251, 11.597200802321145, 11.983915709407363, 14.271090157967349, 14.27404007322412, 11.347850549429033, 13.834909045229365, 5.266646675524889, 12.779427815164832, 99999999.0, 6.027897022111631, 13.75997036757396, 8.155059868018448, 11.282439712780267, 5.225918175664603, 7.556637019944366], [5.352975024159149, 11.348803835986974, 10.043255807807569, 7.5157702886227815, 12.129070783362742, 13.634053041263677, 8.523800704361022, 10.160208503146043, 8.304869922691221, 6.211506391214218, 14.587005252647263, 12.010193477467867, 7.498645278458056, 11.485875018529573, 11.429593810200785, 13.461690708521925, 13.870086262950423, 7.251844900327093, 13.029855685100737, 8.961580234869963, 6.05949825937537, 10.904392388079426, 12.18986310573027, 6.027897022111631, 99999999.0, 8.017014881912806, 10.454688427980265, 5.057423578087054, 7.354655765087733, 8.146145776355496], [11.510134805678248, 5.152457593174239, 12.077147610245419, 14.705081333464712, 14.912460416891276, 8.42798476171876, 8.724036955568904, 14.35504409637468, 8.554970723103139, 12.959271569369587, 11.979068817095005, 9.29964224249601, 10.44741581772644, 10.418940789583829, 14.62614263616999, 11.741160543648187, 11.649864870738153, 6.165348883880504, 9.227469342643085, 9.132625771377995, 8.32292133750845, 6.052168746144016, 12.202291194607572, 13.75997036757396, 8.017014881912806, 99999999.0, 5.288905916269653, 6.812507091630645, 7.7360998188262435, 11.813491802819287], [6.371836709644866, 13.51868478030114, 13.578735609840278, 13.175430255792946, 11.51452946689697, 12.221849330747617, 11.35042003311446, 8.252096318697141, 11.364213929912129, 12.933154234733543, 6.784383730775854, 13.698871862822283, 13.758482468390596, 10.322366730259727, 11.461818707328447, 13.323247982107729, 8.198026084747099, 10.34894370924572, 12.033218524091458, 5.840659334539461, 7.406264654299983, 5.863176310109712, 10.907941938711307, 8.155059868018448, 10.454688427980265, 5.288905916269653, 99999999.0, 11.861180771098866, 6.926908517133406, 11.023704360136765], [8.672786101655841, 5.9035957271878505, 9.210395342329264, 6.688818406745972, 11.526281107397605, 11.44333402487614, 11.40070450081166, 9.659243565021164, 6.3949381746365574, 14.76862991182655, 7.068257692964018, 13.768633945847554, 7.506146527594385, 5.327233866157704, 11.462484488107638, 7.213429488420031, 12.139247886591932, 5.693508443794774, 11.759512619378132, 13.797375187769372, 8.494343716861804, 7.1738841307384895, 11.360593562890575, 11.282439712780267, 5.057423578087054, 6.812507091630645, 11.861180771098866, 99999999.0, 9.890956618422777, 12.409365841882513], [10.98855612360002, 5.816090451626557, 13.95193184262334, 5.019753133343876, 14.55154308038723, 11.608040815861726, 8.04896114018598, 9.927144190955552, 13.130327496841316, 13.05947922203329, 12.911124813389042, 5.068210208416194, 8.974192113275738, 14.60660140384169, 10.781729150670301, 14.97423344052116, 11.80710017694951, 10.063932640138717, 14.679790992291204, 7.874791313586006, 8.19115685339155, 5.661715503616386, 12.566650483940515, 5.225918175664603, 7.354655765087733, 7.7360998188262435, 6.926908517133406, 9.890956618422777, 99999999.0, 11.401239289231064], [9.203081908096994, 13.59450049687299, 11.222841100854243, 6.8639709086015435, 10.95607204476213, 10.511976897982612, 5.376966779273529, 11.625876425068423, 10.479404987079553, 8.093429074928839, 12.528436900573457, 10.806551105413519, 5.0696683324201475, 5.577406229763672, 7.150341860615667, 13.274229228762099, 11.381131578201128, 10.000305310124693, 11.259061241223629, 10.75722772399157, 6.4083924622979485, 8.842019662793318, 7.264079009450647, 7.556637019944366, 8.146145776355496, 11.813491802819287, 11.023704360136765, 12.409365841882513, 11.401239289231064, 99999999.0]];
