M = 99999999.0;
numWorkers = 25;
numRoles = 4;
numNodes = 30;
wStart = [0, 301.18093699156253, 166.19197719714344, 101.95155514398884, 361.44721153684094, 4.930240284551238, 54.33692800582272, 23.813033011849434, 210.06395566165273, 314.3444585171317, 218.3213679090506, 137.77258775629355, 179.69862637228954, 325.68639642928025, 269.33241714225306, 286.23661078012475, 153.99306769401588, 240.2260700578322, 263.9780189207334, 14.799767856094805, 277.1147862909118, 310.7477630654543, 32.14214203165625, 345.62964383426436, 8.872827957395593, 363.5404952112872, 52.53855518052719, 387.94793655266665, 118.83901840440649, 0];
wEnd = [0, 339.7932480481926, 196.1394313846502, 129.66729247708747, 392.04311562757937, 38.831104854924355, 82.04448766816013, 58.44880003824178, 243.47030610956884, 353.5250435254235, 247.42179081865308, 173.44156916455577, 212.97624904563827, 364.91369718705346, 298.69864785603613, 323.11277414770666, 181.98339254372476, 279.04415692805327, 300.18331913713416, 47.391087157966304, 306.42014228249786, 339.9762568094425, 69.68528180850582, 377.02533632732474, 39.24591496850738, 397.6434435019353, 88.68973498282841, 425.8620399909835, 146.4063880414281, 450];
p = [0, 22.611707583551624, 17.917862782610253, 17.012954756849958, 18.834654347654116, 20.786653197428667, 9.092478492672818, 21.274620139660296, 16.89679959715443, 22.34267501545984, 10.336060038350192, 21.185454393363834, 8.671643051232731, 10.660312298488737, 18.93864918589092, 14.339154581462743, 8.330567250405288, 21.971455613367706, 18.969158876482336, 11.014003878154346, 14.307787814346318, 15.481246237228653, 20.53547513546005, 9.73308698664238, 16.835705537064786, 12.174710883158058, 16.108437768604592, 14.901818033311969, 8.45211141970655, 0];
e = [[1, 0, 1, 0], [1, 1, 0, 0], [0, 1, 1, 0], [0, 1, 1, 0], [0, 1, 0, 1], [1, 1, 0, 0], [1, 0, 0, 1], [1, 0, 0, 1], [0, 1, 1, 0], [1, 1, 0, 0], [0, 1, 0, 1], [1, 0, 0, 1], [1, 0, 0, 1], [0, 1, 1, 0], [0, 0, 1, 1], [1, 0, 0, 0], [0, 0, 0, 1], [0, 0, 1, 0], [1, 0, 0, 0], [0, 0, 1, 0], [0, 0, 0, 1], [0, 0, 1, 0], [0, 1, 0, 0], [0, 0, 0, 1], [0, 0, 1, 0]];
d = [[0, 2, 2, 0, 5, 1, 1, 1, 2, 2, 1, 2, 1, 0, 1, 3, 2, 1, 1, 1, 1, 1, 2, 0, 2, 1, 1, 2], [0, 1, 4, 0, 0, 1, 0, 2, 2, 1, 3, 2, 1, 1, 2, 3, 1, 3, 2, 1, 2, 1, 1, 2, 3, 2, 3, 0], [1, 2, 1, 1, 0, 2, 1, 0, 1, 1, 1, 1, 2, 1, 1, 0, 1, 1, 0, 1, 1, 0, 1, 2, 0, 0, 1, 1], [3, 3, 1, 2, 0, 0, 2, 4, 1, 1, 0, 0, 3, 3, 1, 0, 1, 0, 1, 5, 3, 1, 0, 0, 2, 0, 2, 2]];
r = [3653.8627651750285, 2646.4236586470615, 2026.1236518132737, 3673.3883474155978, 2880.159070445019, 883.2150193681117, 1066.9610229943892, 3008.5314198446686, 2285.2266326424956, 1660.202691927509, 2263.009273827701, 873.7805921157923, 966.0274360680239, 1132.8656002590988, 885.1904328884578, 702.1404342123093, 1992.8631204582662, 2363.141631218106, 1987.3936389030534, 1367.7564567985708, 1413.300183689744, 1304.1479832317366, 1012.4771581115165, 2386.0990585045693, 1646.1832190227062, 1281.0321977907129, 1560.6683131771977, 821.732412942399];
b = [[[0.0, 0.0, 0.0, 0.0, 0.0, 0.0, 0.0, 0.0, 0.0, 0.0, 0.0, 0.0, 0.0, 0.0, 0.0, 0.0, 0.0, 0.0, 0.0, 0.0, 0.0, 0.0, 0.0, 0.0, 0.0, 0.0, 0.0, 0.0], [0.0, 0.0, 0.0, 0.0, 0.0, 0.0, 0.0, 0.0, 0.0, 0.0, 0.0, 0.0, 0.0, 0.0, 0.0, 0.0, 0.0, 0.0, 0.0, 0.0, 0.0, 0.0, 0.0, 0.0, 0.0, 0.0, 0.0, 0.0], [0.0, 0.0, 0.0, 0.0, 0.0, 0.0, 0.0, 0.0, 0.0, 0.0, 0.0, 0.0, 0.0, 0.0, 0.0, 0.0, 0.0, 0.0, 0.0, 0.0, 0.0, 0.0, 0.0, 0.0, 0.0, 0.0, 0.0, 0.0], [0.0, 0.0, 0.0, 0.0, 0.0, 0.0, 0.0, 0.0, 0.0, 0.0, 0.0, 0.0, 0.0, 0.0, 0.0, 0.0, 0.0, 0.0, 0.0, 0.0, 0.0, 0.0, 0.0, 0.0, 0.0, 0.0, 0.0, 0.0]], [[0.0, 0.0, 0.0, 0.0, 0.0, 0.0, 0.0, 0.0, 0.0, 0.0, 0.0, 0.0, 0.0, 0.0, 0.0, 0.0, 0.0, 0.0, 0.0, 0.0, 0.0, 0.0, 0.0, 0.0, 0.0, 0.0, 0.0, 0.0], [0.0, 0.0, 0.0, 0.0, 0.0, 0.0, 0.0, 0.0, 0.0, 0.0, 0.0, 0.0, 0.0, 0.0, 0.0, 0.0, 0.0, 0.0, 0.0, 0.0, 0.0, 0.0, 0.0, 0.0, 0.0, 0.0, 0.0, 0.0], [0.0, 0.0, 0.0, 0.0, 0.0, 0.0, 0.0, 0.0, 0.0, 0.0, 0.0, 0.0, 0.0, 0.0, 0.0, 0.0, 0.0, 0.0, 0.0, 0.0, 0.0, 0.0, 0.0, 0.0, 0.0, 0.0, 0.0, 0.0], [0.0, 0.0, 0.0, 0.0, 0.0, 0.0, 0.0, 0.0, 0.0, 0.0, 0.0, 0.0, 0.0, 0.0, 0.0, 0.0, 0.0, 0.0, 0.0, 0.0, 0.0, 0.0, 0.0, 0.0, 0.0, 0.0, 0.0, 0.0]], [[0.0, 0.0, 0.0, 0.0, 0.0, 0.0, 0.0, 0.0, 0.0, 0.0, 0.0, 0.0, 0.0, 0.0, 0.0, 0.0, 0.0, 0.0, 0.0, 0.0, 0.0, 0.0, 0.0, 0.0, 0.0, 0.0, 0.0, 0.0], [0.0, 0.0, 0.0, 0.0, 0.0, 0.0, 0.0, 0.0, 0.0, 0.0, 0.0, 0.0, 0.0, 0.0, 0.0, 0.0, 0.0, 0.0, 0.0, 0.0, 0.0, 0.0, 0.0, 0.0, 0.0, 0.0, 0.0, 0.0], [0.0, 0.0, 0.0, 0.0, 0.0, 0.0, 0.0, 0.0, 0.0, 0.0, 0.0, 0.0, 0.0, 0.0, 0.0, 0.0, 0.0, 0.0, 0.0, 0.0, 0.0, 0.0, 0.0, 0.0, 0.0, 0.0, 0.0, 0.0], [0.0, 0.0, 0.0, 0.0, 0.0, 0.0, 0.0, 0.0, 0.0, 0.0, 0.0, 0.0, 0.0, 0.0, 0.0, 0.0, 0.0, 0.0, 0.0, 0.0, 0.0, 0.0, 0.0, 0.0, 0.0, 0.0, 0.0, 0.0]], [[0.0, 0.0, 0.0, 0.0, 0.0, 0.0, 0.0, 0.0, 0.0, 0.0, 0.0, 0.0, 0.0, 0.0, 0.0, 0.0, 0.0, 0.0, 0.0, 0.0, 0.0, 0.0, 0.0, 0.0, 0.0, 0.0, 0.0, 0.0], [0.0, 0.0, 0.0, 0.0, 0.0, 0.0, 0.0, 0.0, 0.0, 0.0, 0.0, 0.0, 0.0, 0.0, 0.0, 0.0, 0.0, 0.0, 0.0, 0.0, 0.0, 0.0, 0.0, 0.0, 0.0, 0.0, 0.0, 0.0], [0.0, 0.0, 0.0, 0.0, 0.0, 0.0, 0.0, 0.0, 0.0, 0.0, 0.0, 0.0, 0.0, 0.0, 0.0, 0.0, 0.0, 0.0, 0.0, 0.0, 0.0, 0.0, 0.0, 0.0, 0.0, 0.0, 0.0, 0.0], [0.0, 0.0, 0.0, 0.0, 0.0, 0.0, 0.0, 0.0, 0.0, 0.0, 0.0, 0.0, 0.0, 0.0, 0.0, 0.0, 0.0, 0.0, 0.0, 0.0, 0.0, 0.0, 0.0, 0.0, 0.0, 0.0, 0.0, 0.0]], [[0.0, 0.0, 0.0, 0.0, 0.0, 0.0, 0.0, 0.0, 0.0, 0.0, 0.0, 0.0, 0.0, 0.0, 0.0, 0.0, 0.0, 0.0, 0.0, 0.0, 0.0, 0.0, 0.0, 0.0, 0.0, 0.0, 0.0, 0.0], [0.0, 0.0, 0.0, 0.0, 0.0, 0.0, 0.0, 0.0, 0.0, 0.0, 0.0, 0.0, 0.0, 0.0, 0.0, 0.0, 0.0, 0.0, 0.0, 0.0, 0.0, 0.0, 0.0, 0.0, 0.0, 0.0, 0.0, 0.0], [0.0, 0.0, 0.0, 0.0, 0.0, 0.0, 0.0, 0.0, 0.0, 0.0, 0.0, 0.0, 0.0, 0.0, 0.0, 0.0, 0.0, 0.0, 0.0, 0.0, 0.0, 0.0, 0.0, 0.0, 0.0, 0.0, 0.0, 0.0], [0.0, 0.0, 0.0, 0.0, 0.0, 0.0, 0.0, 0.0, 0.0, 0.0, 0.0, 0.0, 0.0, 0.0, 0.0, 0.0, 0.0, 0.0, 0.0, 0.0, 0.0, 0.0, 0.0, 0.0, 0.0, 0.0, 0.0, 0.0]], [[0.0, 0.0, 0.0, 0.0, 0.0, 0.0, 0.0, 0.0, 0.0, 0.0, 0.0, 0.0, 0.0, 0.0, 0.0, 0.0, 0.0, 0.0, 0.0, 0.0, 0.0, 0.0, 0.0, 0.0, 0.0, 0.0, 0.0, 0.0], [0.0, 0.0, 0.0, 0.0, 0.0, 0.0, 0.0, 0.0, 0.0, 0.0, 0.0, 0.0, 0.0, 0.0, 0.0, 0.0, 0.0, 0.0, 0.0, 0.0, 0.0, 0.0, 0.0, 0.0, 0.0, 0.0, 0.0, 0.0], [0.0, 0.0, 0.0, 0.0, 0.0, 0.0, 0.0, 0.0, 0.0, 0.0, 0.0, 0.0, 0.0, 0.0, 0.0, 0.0, 0.0, 0.0, 0.0, 0.0, 0.0, 0.0, 0.0, 0.0, 0.0, 0.0, 0.0, 0.0], [0.0, 0.0, 0.0, 0.0, 0.0, 0.0, 0.0, 0.0, 0.0, 0.0, 0.0, 0.0, 0.0, 0.0, 0.0, 0.0, 0.0, 0.0, 0.0, 0.0, 0.0, 0.0, 0.0, 0.0, 0.0, 0.0, 0.0, 0.0]], [[0.0, 0.0, 0.0, 0.0, 0.0, 0.0, 0.0, 0.0, 0.0, 0.0, 0.0, 0.0, 0.0, 0.0, 0.0, 0.0, 0.0, 0.0, 0.0, 0.0, 0.0, 0.0, 0.0, 0.0, 0.0, 0.0, 0.0, 0.0], [0.0, 0.0, 0.0, 0.0, 0.0, 0.0, 0.0, 0.0, 0.0, 0.0, 0.0, 0.0, 0.0, 0.0, 0.0, 0.0, 0.0, 0.0, 0.0, 0.0, 0.0, 0.0, 0.0, 0.0, 0.0, 0.0, 0.0, 0.0], [0.0, 0.0, 0.0, 0.0, 0.0, 0.0, 0.0, 0.0, 0.0, 0.0, 0.0, 0.0, 0.0, 0.0, 0.0, 0.0, 0.0, 0.0, 0.0, 0.0, 0.0, 0.0, 0.0, 0.0, 0.0, 0.0, 0.0, 0.0], [0.0, 0.0, 0.0, 0.0, 0.0, 0.0, 0.0, 0.0, 0.0, 0.0, 0.0, 0.0, 0.0, 0.0, 0.0, 0.0, 0.0, 0.0, 0.0, 0.0, 0.0, 0.0, 0.0, 0.0, 0.0, 0.0, 0.0, 0.0]], [[0.0, 0.0, 0.0, 0.0, 0.0, 0.0, 0.0, 0.0, 0.0, 0.0, 0.0, 0.0, 0.0, 0.0, 0.0, 0.0, 0.0, 0.0, 0.0, 0.0, 0.0, 0.0, 0.0, 0.0, 0.0, 0.0, 0.0, 0.0], [0.0, 0.0, 0.0, 0.0, 0.0, 0.0, 0.0, 0.0, 0.0, 0.0, 0.0, 0.0, 0.0, 0.0, 0.0, 0.0, 0.0, 0.0, 0.0, 0.0, 0.0, 0.0, 0.0, 0.0, 0.0, 0.0, 0.0, 0.0], [0.0, 0.0, 0.0, 0.0, 0.0, 0.0, 0.0, 0.0, 0.0, 0.0, 0.0, 0.0, 0.0, 0.0, 0.0, 0.0, 0.0, 0.0, 0.0, 0.0, 0.0, 0.0, 0.0, 0.0, 0.0, 0.0, 0.0, 0.0], [0.0, 0.0, 0.0, 0.0, 0.0, 0.0, 0.0, 0.0, 0.0, 0.0, 0.0, 0.0, 0.0, 0.0, 0.0, 0.0, 0.0, 0.0, 0.0, 0.0, 0.0, 0.0, 0.0, 0.0, 0.0, 0.0, 0.0, 0.0]], [[0.0, 0.0, 0.0, 0.0, 0.0, 0.0, 0.0, 0.0, 0.0, 0.0, 0.0, 0.0, 0.0, 0.0, 0.0, 0.0, 0.0, 0.0, 0.0, 0.0, 0.0, 0.0, 0.0, 0.0, 0.0, 0.0, 0.0, 0.0], [0.0, 0.0, 0.0, 0.0, 0.0, 0.0, 0.0, 0.0, 0.0, 0.0, 0.0, 0.0, 0.0, 0.0, 0.0, 0.0, 0.0, 0.0, 0.0, 0.0, 0.0, 0.0, 0.0, 0.0, 0.0, 0.0, 0.0, 0.0], [0.0, 0.0, 0.0, 0.0, 0.0, 0.0, 0.0, 0.0, 0.0, 0.0, 0.0, 0.0, 0.0, 0.0, 0.0, 0.0, 0.0, 0.0, 0.0, 0.0, 0.0, 0.0, 0.0, 0.0, 0.0, 0.0, 0.0, 0.0], [0.0, 0.0, 0.0, 0.0, 0.0, 0.0, 0.0, 0.0, 0.0, 0.0, 0.0, 0.0, 0.0, 0.0, 0.0, 0.0, 0.0, 0.0, 0.0, 0.0, 0.0, 0.0, 0.0, 0.0, 0.0, 0.0, 0.0, 0.0]], [[0.0, 0.0, 0.0, 0.0, 0.0, 0.0, 0.0, 0.0, 0.0, 0.0, 0.0, 0.0, 0.0, 0.0, 0.0, 0.0, 0.0, 0.0, 0.0, 0.0, 0.0, 0.0, 0.0, 0.0, 0.0, 0.0, 0.0, 0.0], [0.0, 0.0, 0.0, 0.0, 0.0, 0.0, 0.0, 0.0, 0.0, 0.0, 0.0, 0.0, 0.0, 0.0, 0.0, 0.0, 0.0, 0.0, 0.0, 0.0, 0.0, 0.0, 0.0, 0.0, 0.0, 0.0, 0.0, 0.0], [0.0, 0.0, 0.0, 0.0, 0.0, 0.0, 0.0, 0.0, 0.0, 0.0, 0.0, 0.0, 0.0, 0.0, 0.0, 0.0, 0.0, 0.0, 0.0, 0.0, 0.0, 0.0, 0.0, 0.0, 0.0, 0.0, 0.0, 0.0], [0.0, 0.0, 0.0, 0.0, 0.0, 0.0, 0.0, 0.0, 0.0, 0.0, 0.0, 0.0, 0.0, 0.0, 0.0, 0.0, 0.0, 0.0, 0.0, 0.0, 0.0, 0.0, 0.0, 0.0, 0.0, 0.0, 0.0, 0.0]], [[0.0, 0.0, 0.0, 0.0, 0.0, 0.0, 0.0, 0.0, 0.0, 0.0, 0.0, 0.0, 0.0, 0.0, 0.0, 0.0, 0.0, 0.0, 0.0, 0.0, 0.0, 0.0, 0.0, 0.0, 0.0, 0.0, 0.0, 0.0], [0.0, 0.0, 0.0, 0.0, 0.0, 0.0, 0.0, 0.0, 0.0, 0.0, 0.0, 0.0, 0.0, 0.0, 0.0, 0.0, 0.0, 0.0, 0.0, 0.0, 0.0, 0.0, 0.0, 0.0, 0.0, 0.0, 0.0, 0.0], [0.0, 0.0, 0.0, 0.0, 0.0, 0.0, 0.0, 0.0, 0.0, 0.0, 0.0, 0.0, 0.0, 0.0, 0.0, 0.0, 0.0, 0.0, 0.0, 0.0, 0.0, 0.0, 0.0, 0.0, 0.0, 0.0, 0.0, 0.0], [0.0, 0.0, 0.0, 0.0, 0.0, 0.0, 0.0, 0.0, 0.0, 0.0, 0.0, 0.0, 0.0, 0.0, 0.0, 0.0, 0.0, 0.0, 0.0, 0.0, 0.0, 0.0, 0.0, 0.0, 0.0, 0.0, 0.0, 0.0]], [[0.0, 0.0, 0.0, 0.0, 0.0, 0.0, 0.0, 0.0, 0.0, 0.0, 0.0, 0.0, 0.0, 0.0, 0.0, 0.0, 0.0, 0.0, 0.0, 0.0, 0.0, 0.0, 0.0, 0.0, 0.0, 0.0, 0.0, 0.0], [0.0, 0.0, 0.0, 0.0, 0.0, 0.0, 0.0, 0.0, 0.0, 0.0, 0.0, 0.0, 0.0, 0.0, 0.0, 0.0, 0.0, 0.0, 0.0, 0.0, 0.0, 0.0, 0.0, 0.0, 0.0, 0.0, 0.0, 0.0], [0.0, 0.0, 0.0, 0.0, 0.0, 0.0, 0.0, 0.0, 0.0, 0.0, 0.0, 0.0, 0.0, 0.0, 0.0, 0.0, 0.0, 0.0, 0.0, 0.0, 0.0, 0.0, 0.0, 0.0, 0.0, 0.0, 0.0, 0.0], [0.0, 0.0, 0.0, 0.0, 0.0, 0.0, 0.0, 0.0, 0.0, 0.0, 0.0, 0.0, 0.0, 0.0, 0.0, 0.0, 0.0, 0.0, 0.0, 0.0, 0.0, 0.0, 0.0, 0.0, 0.0, 0.0, 0.0, 0.0]], [[0.0, 0.0, 0.0, 0.0, 0.0, 0.0, 0.0, 0.0, 0.0, 0.0, 0.0, 0.0, 0.0, 0.0, 0.0, 0.0, 0.0, 0.0, 0.0, 0.0, 0.0, 0.0, 0.0, 0.0, 0.0, 0.0, 0.0, 0.0], [0.0, 0.0, 0.0, 0.0, 0.0, 0.0, 0.0, 0.0, 0.0, 0.0, 0.0, 0.0, 0.0, 0.0, 0.0, 0.0, 0.0, 0.0, 0.0, 0.0, 0.0, 0.0, 0.0, 0.0, 0.0, 0.0, 0.0, 0.0], [0.0, 0.0, 0.0, 0.0, 0.0, 0.0, 0.0, 0.0, 0.0, 0.0, 0.0, 0.0, 0.0, 0.0, 0.0, 0.0, 0.0, 0.0, 0.0, 0.0, 0.0, 0.0, 0.0, 0.0, 0.0, 0.0, 0.0, 0.0], [0.0, 0.0, 0.0, 0.0, 0.0, 0.0, 0.0, 0.0, 0.0, 0.0, 0.0, 0.0, 0.0, 0.0, 0.0, 0.0, 0.0, 0.0, 0.0, 0.0, 0.0, 0.0, 0.0, 0.0, 0.0, 0.0, 0.0, 0.0]], [[0.0, 0.0, 0.0, 0.0, 0.0, 0.0, 0.0, 0.0, 0.0, 0.0, 0.0, 0.0, 0.0, 0.0, 0.0, 0.0, 0.0, 0.0, 0.0, 0.0, 0.0, 0.0, 0.0, 0.0, 0.0, 0.0, 0.0, 0.0], [0.0, 0.0, 0.0, 0.0, 0.0, 0.0, 0.0, 0.0, 0.0, 0.0, 0.0, 0.0, 0.0, 0.0, 0.0, 0.0, 0.0, 0.0, 0.0, 0.0, 0.0, 0.0, 0.0, 0.0, 0.0, 0.0, 0.0, 0.0], [0.0, 0.0, 0.0, 0.0, 0.0, 0.0, 0.0, 0.0, 0.0, 0.0, 0.0, 0.0, 0.0, 0.0, 0.0, 0.0, 0.0, 0.0, 0.0, 0.0, 0.0, 0.0, 0.0, 0.0, 0.0, 0.0, 0.0, 0.0], [0.0, 0.0, 0.0, 0.0, 0.0, 0.0, 0.0, 0.0, 0.0, 0.0, 0.0, 0.0, 0.0, 0.0, 0.0, 0.0, 0.0, 0.0, 0.0, 0.0, 0.0, 0.0, 0.0, 0.0, 0.0, 0.0, 0.0, 0.0]], [[0.0, 0.0, 0.0, 0.0, 0.0, 0.0, 0.0, 0.0, 0.0, 0.0, 0.0, 0.0, 0.0, 0.0, 0.0, 0.0, 0.0, 0.0, 0.0, 0.0, 0.0, 0.0, 0.0, 0.0, 0.0, 0.0, 0.0, 0.0], [0.0, 0.0, 0.0, 0.0, 0.0, 0.0, 0.0, 0.0, 0.0, 0.0, 0.0, 0.0, 0.0, 0.0, 0.0, 0.0, 0.0, 0.0, 0.0, 0.0, 0.0, 0.0, 0.0, 0.0, 0.0, 0.0, 0.0, 0.0], [0.0, 0.0, 0.0, 0.0, 0.0, 0.0, 0.0, 0.0, 0.0, 0.0, 0.0, 0.0, 0.0, 0.0, 0.0, 0.0, 0.0, 0.0, 0.0, 0.0, 0.0, 0.0, 0.0, 0.0, 0.0, 0.0, 0.0, 0.0], [0.0, 0.0, 0.0, 0.0, 0.0, 0.0, 0.0, 0.0, 0.0, 0.0, 0.0, 0.0, 0.0, 0.0, 0.0, 0.0, 0.0, 0.0, 0.0, 0.0, 0.0, 0.0, 0.0, 0.0, 0.0, 0.0, 0.0, 0.0]], [[0.0, 0.0, 0.0, 0.0, 0.0, 0.0, 0.0, 0.0, 0.0, 0.0, 0.0, 0.0, 0.0, 0.0, 0.0, 0.0, 0.0, 0.0, 0.0, 0.0, 0.0, 0.0, 0.0, 0.0, 0.0, 0.0, 0.0, 0.0], [0.0, 0.0, 0.0, 0.0, 0.0, 0.0, 0.0, 0.0, 0.0, 0.0, 0.0, 0.0, 0.0, 0.0, 0.0, 0.0, 0.0, 0.0, 0.0, 0.0, 0.0, 0.0, 0.0, 0.0, 0.0, 0.0, 0.0, 0.0], [0.0, 0.0, 0.0, 0.0, 0.0, 0.0, 0.0, 0.0, 0.0, 0.0, 0.0, 0.0, 0.0, 0.0, 0.0, 0.0, 0.0, 0.0, 0.0, 0.0, 0.0, 0.0, 0.0, 0.0, 0.0, 0.0, 0.0, 0.0], [0.0, 0.0, 0.0, 0.0, 0.0, 0.0, 0.0, 0.0, 0.0, 0.0, 0.0, 0.0, 0.0, 0.0, 0.0, 0.0, 0.0, 0.0, 0.0, 0.0, 0.0, 0.0, 0.0, 0.0, 0.0, 0.0, 0.0, 0.0]], [[0.0, 0.0, 0.0, 0.0, 0.0, 0.0, 0.0, 0.0, 0.0, 0.0, 0.0, 0.0, 0.0, 0.0, 0.0, 0.0, 0.0, 0.0, 0.0, 0.0, 0.0, 0.0, 0.0, 0.0, 0.0, 0.0, 0.0, 0.0], [0.0, 0.0, 0.0, 0.0, 0.0, 0.0, 0.0, 0.0, 0.0, 0.0, 0.0, 0.0, 0.0, 0.0, 0.0, 0.0, 0.0, 0.0, 0.0, 0.0, 0.0, 0.0, 0.0, 0.0, 0.0, 0.0, 0.0, 0.0], [0.0, 0.0, 0.0, 0.0, 0.0, 0.0, 0.0, 0.0, 0.0, 0.0, 0.0, 0.0, 0.0, 0.0, 0.0, 0.0, 0.0, 0.0, 0.0, 0.0, 0.0, 0.0, 0.0, 0.0, 0.0, 0.0, 0.0, 0.0], [0.0, 0.0, 0.0, 0.0, 0.0, 0.0, 0.0, 0.0, 0.0, 0.0, 0.0, 0.0, 0.0, 0.0, 0.0, 0.0, 0.0, 0.0, 0.0, 0.0, 0.0, 0.0, 0.0, 0.0, 0.0, 0.0, 0.0, 0.0]], [[0.0, 0.0, 0.0, 0.0, 0.0, 0.0, 0.0, 0.0, 0.0, 0.0, 0.0, 0.0, 0.0, 0.0, 0.0, 0.0, 0.0, 0.0, 0.0, 0.0, 0.0, 0.0, 0.0, 0.0, 0.0, 0.0, 0.0, 0.0], [0.0, 0.0, 0.0, 0.0, 0.0, 0.0, 0.0, 0.0, 0.0, 0.0, 0.0, 0.0, 0.0, 0.0, 0.0, 0.0, 0.0, 0.0, 0.0, 0.0, 0.0, 0.0, 0.0, 0.0, 0.0, 0.0, 0.0, 0.0], [0.0, 0.0, 0.0, 0.0, 0.0, 0.0, 0.0, 0.0, 0.0, 0.0, 0.0, 0.0, 0.0, 0.0, 0.0, 0.0, 0.0, 0.0, 0.0, 0.0, 0.0, 0.0, 0.0, 0.0, 0.0, 0.0, 0.0, 0.0], [0.0, 0.0, 0.0, 0.0, 0.0, 0.0, 0.0, 0.0, 0.0, 0.0, 0.0, 0.0, 0.0, 0.0, 0.0, 0.0, 0.0, 0.0, 0.0, 0.0, 0.0, 0.0, 0.0, 0.0, 0.0, 0.0, 0.0, 0.0]], [[0.0, 0.0, 0.0, 0.0, 0.0, 0.0, 0.0, 0.0, 0.0, 0.0, 0.0, 0.0, 0.0, 0.0, 0.0, 0.0, 0.0, 0.0, 0.0, 0.0, 0.0, 0.0, 0.0, 0.0, 0.0, 0.0, 0.0, 0.0], [0.0, 0.0, 0.0, 0.0, 0.0, 0.0, 0.0, 0.0, 0.0, 0.0, 0.0, 0.0, 0.0, 0.0, 0.0, 0.0, 0.0, 0.0, 0.0, 0.0, 0.0, 0.0, 0.0, 0.0, 0.0, 0.0, 0.0, 0.0], [0.0, 0.0, 0.0, 0.0, 0.0, 0.0, 0.0, 0.0, 0.0, 0.0, 0.0, 0.0, 0.0, 0.0, 0.0, 0.0, 0.0, 0.0, 0.0, 0.0, 0.0, 0.0, 0.0, 0.0, 0.0, 0.0, 0.0, 0.0], [0.0, 0.0, 0.0, 0.0, 0.0, 0.0, 0.0, 0.0, 0.0, 0.0, 0.0, 0.0, 0.0, 0.0, 0.0, 0.0, 0.0, 0.0, 0.0, 0.0, 0.0, 0.0, 0.0, 0.0, 0.0, 0.0, 0.0, 0.0]], [[0.0, 0.0, 0.0, 0.0, 0.0, 0.0, 0.0, 0.0, 0.0, 0.0, 0.0, 0.0, 0.0, 0.0, 0.0, 0.0, 0.0, 0.0, 0.0, 0.0, 0.0, 0.0, 0.0, 0.0, 0.0, 0.0, 0.0, 0.0], [0.0, 0.0, 0.0, 0.0, 0.0, 0.0, 0.0, 0.0, 0.0, 0.0, 0.0, 0.0, 0.0, 0.0, 0.0, 0.0, 0.0, 0.0, 0.0, 0.0, 0.0, 0.0, 0.0, 0.0, 0.0, 0.0, 0.0, 0.0], [0.0, 0.0, 0.0, 0.0, 0.0, 0.0, 0.0, 0.0, 0.0, 0.0, 0.0, 0.0, 0.0, 0.0, 0.0, 0.0, 0.0, 0.0, 0.0, 0.0, 0.0, 0.0, 0.0, 0.0, 0.0, 0.0, 0.0, 0.0], [0.0, 0.0, 0.0, 0.0, 0.0, 0.0, 0.0, 0.0, 0.0, 0.0, 0.0, 0.0, 0.0, 0.0, 0.0, 0.0, 0.0, 0.0, 0.0, 0.0, 0.0, 0.0, 0.0, 0.0, 0.0, 0.0, 0.0, 0.0]], [[0.0, 0.0, 0.0, 0.0, 0.0, 0.0, 0.0, 0.0, 0.0, 0.0, 0.0, 0.0, 0.0, 0.0, 0.0, 0.0, 0.0, 0.0, 0.0, 0.0, 0.0, 0.0, 0.0, 0.0, 0.0, 0.0, 0.0, 0.0], [0.0, 0.0, 0.0, 0.0, 0.0, 0.0, 0.0, 0.0, 0.0, 0.0, 0.0, 0.0, 0.0, 0.0, 0.0, 0.0, 0.0, 0.0, 0.0, 0.0, 0.0, 0.0, 0.0, 0.0, 0.0, 0.0, 0.0, 0.0], [0.0, 0.0, 0.0, 0.0, 0.0, 0.0, 0.0, 0.0, 0.0, 0.0, 0.0, 0.0, 0.0, 0.0, 0.0, 0.0, 0.0, 0.0, 0.0, 0.0, 0.0, 0.0, 0.0, 0.0, 0.0, 0.0, 0.0, 0.0], [0.0, 0.0, 0.0, 0.0, 0.0, 0.0, 0.0, 0.0, 0.0, 0.0, 0.0, 0.0, 0.0, 0.0, 0.0, 0.0, 0.0, 0.0, 0.0, 0.0, 0.0, 0.0, 0.0, 0.0, 0.0, 0.0, 0.0, 0.0]], [[0.0, 0.0, 0.0, 0.0, 0.0, 0.0, 0.0, 0.0, 0.0, 0.0, 0.0, 0.0, 0.0, 0.0, 0.0, 0.0, 0.0, 0.0, 0.0, 0.0, 0.0, 0.0, 0.0, 0.0, 0.0, 0.0, 0.0, 0.0], [0.0, 0.0, 0.0, 0.0, 0.0, 0.0, 0.0, 0.0, 0.0, 0.0, 0.0, 0.0, 0.0, 0.0, 0.0, 0.0, 0.0, 0.0, 0.0, 0.0, 0.0, 0.0, 0.0, 0.0, 0.0, 0.0, 0.0, 0.0], [0.0, 0.0, 0.0, 0.0, 0.0, 0.0, 0.0, 0.0, 0.0, 0.0, 0.0, 0.0, 0.0, 0.0, 0.0, 0.0, 0.0, 0.0, 0.0, 0.0, 0.0, 0.0, 0.0, 0.0, 0.0, 0.0, 0.0, 0.0], [0.0, 0.0, 0.0, 0.0, 0.0, 0.0, 0.0, 0.0, 0.0, 0.0, 0.0, 0.0, 0.0, 0.0, 0.0, 0.0, 0.0, 0.0, 0.0, 0.0, 0.0, 0.0, 0.0, 0.0, 0.0, 0.0, 0.0, 0.0]], [[0.0, 0.0, 0.0, 0.0, 0.0, 0.0, 0.0, 0.0, 0.0, 0.0, 0.0, 0.0, 0.0, 0.0, 0.0, 0.0, 0.0, 0.0, 0.0, 0.0, 0.0, 0.0, 0.0, 0.0, 0.0, 0.0, 0.0, 0.0], [0.0, 0.0, 0.0, 0.0, 0.0, 0.0, 0.0, 0.0, 0.0, 0.0, 0.0, 0.0, 0.0, 0.0, 0.0, 0.0, 0.0, 0.0, 0.0, 0.0, 0.0, 0.0, 0.0, 0.0, 0.0, 0.0, 0.0, 0.0], [0.0, 0.0, 0.0, 0.0, 0.0, 0.0, 0.0, 0.0, 0.0, 0.0, 0.0, 0.0, 0.0, 0.0, 0.0, 0.0, 0.0, 0.0, 0.0, 0.0, 0.0, 0.0, 0.0, 0.0, 0.0, 0.0, 0.0, 0.0], [0.0, 0.0, 0.0, 0.0, 0.0, 0.0, 0.0, 0.0, 0.0, 0.0, 0.0, 0.0, 0.0, 0.0, 0.0, 0.0, 0.0, 0.0, 0.0, 0.0, 0.0, 0.0, 0.0, 0.0, 0.0, 0.0, 0.0, 0.0]], [[0.0, 0.0, 0.0, 0.0, 0.0, 0.0, 0.0, 0.0, 0.0, 0.0, 0.0, 0.0, 0.0, 0.0, 0.0, 0.0, 0.0, 0.0, 0.0, 0.0, 0.0, 0.0, 0.0, 0.0, 0.0, 0.0, 0.0, 0.0], [0.0, 0.0, 0.0, 0.0, 0.0, 0.0, 0.0, 0.0, 0.0, 0.0, 0.0, 0.0, 0.0, 0.0, 0.0, 0.0, 0.0, 0.0, 0.0, 0.0, 0.0, 0.0, 0.0, 0.0, 0.0, 0.0, 0.0, 0.0], [0.0, 0.0, 0.0, 0.0, 0.0, 0.0, 0.0, 0.0, 0.0, 0.0, 0.0, 0.0, 0.0, 0.0, 0.0, 0.0, 0.0, 0.0, 0.0, 0.0, 0.0, 0.0, 0.0, 0.0, 0.0, 0.0, 0.0, 0.0], [0.0, 0.0, 0.0, 0.0, 0.0, 0.0, 0.0, 0.0, 0.0, 0.0, 0.0, 0.0, 0.0, 0.0, 0.0, 0.0, 0.0, 0.0, 0.0, 0.0, 0.0, 0.0, 0.0, 0.0, 0.0, 0.0, 0.0, 0.0]], [[0.0, 0.0, 0.0, 0.0, 0.0, 0.0, 0.0, 0.0, 0.0, 0.0, 0.0, 0.0, 0.0, 0.0, 0.0, 0.0, 0.0, 0.0, 0.0, 0.0, 0.0, 0.0, 0.0, 0.0, 0.0, 0.0, 0.0, 0.0], [0.0, 0.0, 0.0, 0.0, 0.0, 0.0, 0.0, 0.0, 0.0, 0.0, 0.0, 0.0, 0.0, 0.0, 0.0, 0.0, 0.0, 0.0, 0.0, 0.0, 0.0, 0.0, 0.0, 0.0, 0.0, 0.0, 0.0, 0.0], [0.0, 0.0, 0.0, 0.0, 0.0, 0.0, 0.0, 0.0, 0.0, 0.0, 0.0, 0.0, 0.0, 0.0, 0.0, 0.0, 0.0, 0.0, 0.0, 0.0, 0.0, 0.0, 0.0, 0.0, 0.0, 0.0, 0.0, 0.0], [0.0, 0.0, 0.0, 0.0, 0.0, 0.0, 0.0, 0.0, 0.0, 0.0, 0.0, 0.0, 0.0, 0.0, 0.0, 0.0, 0.0, 0.0, 0.0, 0.0, 0.0, 0.0, 0.0, 0.0, 0.0, 0.0, 0.0, 0.0]]];
t = [[99999999.0, 11.460457346632333, 9.218083781885566, 7.818309963342757, 12.94382796908771, 14.111415619649943, 5.3999724327997605, 10.789987474058533, 9.152099130904507, 8.278277089479124, 10.39804365440856, 5.743527382137207, 8.302448605146747, 10.499795180307306, 11.058606571014591, 11.509150571459738, 9.210728281041836, 7.313205242010344, 11.561219676495856, 6.024993438851272, 10.637171535351303, 6.133408944602722, 6.8664349847117565, 5.148884573498858, 7.244994074851405, 9.002613504643392, 11.806546248339654, 5.7303624464801315, 7.382480458997031, 9.669482752234927], [11.460457346632333, 99999999.0, 5.071581246160446, 11.309717931606984, 8.22360926860551, 11.558852956484879, 12.515066419991268, 6.249759626558976, 9.116766031766248, 6.399055201902561, 10.412378058584501, 11.49517076291658, 13.293548247709438, 6.588791193223909, 7.981960676128173, 8.366102748522394, 11.135947926292038, 7.2927515923423245, 11.638397274382903, 8.427727435456163, 11.801192584481985, 12.893469120034503, 7.993976365699272, 13.836439966805663, 5.005617837158604, 11.934406040775123, 9.009100841412977, 6.549396528267369, 7.931233146346246, 14.821950597692258], [9.218083781885566, 5.071581246160446, 99999999.0, 7.424575619818201, 11.397841634991913, 10.807795223707217, 9.853052959477822, 13.339163293284123, 9.359146831759002, 8.736722891736488, 5.2388755512920575, 10.529707968486868, 13.924853491936636, 13.189575748622111, 8.094930956352854, 5.250160485791481, 7.040593919826048, 12.291917184894363, 6.4794468316892875, 5.239562749557213, 6.726902706796367, 8.580493957664654, 9.862362953558819, 13.654915795481209, 11.370021332378379, 12.118849855298228, 5.448074063201175, 10.640063003642439, 6.925667686696561, 10.180235714668509], [7.818309963342757, 11.309717931606984, 7.424575619818201, 99999999.0, 9.838317405305194, 9.538104982775728, 10.334835096418093, 11.279715335071463, 10.63077236612683, 5.827620317086345, 9.505816865105817, 11.919422800770779, 12.080997824827243, 6.568185572504017, 9.520900691521454, 6.544176540572417, 11.412247068188282, 8.487305347028512, 12.57266699621165, 11.53546734555534, 5.326123314404928, 9.299712499708924, 7.491806197156424, 11.222445117418479, 6.902940468757766, 14.311774938316203, 5.05734833174338, 13.45022700990355, 12.9371519702487, 5.055653567464401], [12.94382796908771, 8.22360926860551, 11.397841634991913, 9.838317405305194, 99999999.0, 12.724387264027953, 10.64711403168495, 12.733017079963252, 6.923984551342547, 6.775411723180359, 7.738250263750156, 13.030092179335892, 13.585884748824794, 8.47559168550935, 12.776523850774021, 8.343562457993468, 12.314144059260364, 13.581649976770699, 11.267478601275364, 14.789596176367812, 13.552960719924302, 13.4578965632994, 5.173609569125307, 6.6167308156473545, 5.9958470880301595, 13.234344302128667, 11.708912665100975, 6.643004558736852, 6.161656296488508, 13.839382648086696], [14.111415619649943, 11.558852956484879, 10.807795223707217, 9.538104982775728, 12.724387264027953, 99999999.0, 8.31187272645295, 8.48741170531575, 8.723642043521252, 7.275411562850424, 14.82542207491036, 8.75268423818095, 6.56503258235826, 8.284659268152257, 9.026562161054901, 11.285616731409007, 11.767117892713195, 7.55157518857005, 7.840172607402591, 12.98611559100727, 7.9674683477210815, 12.526818705640252, 10.313639406418908, 14.075755680841981, 11.519323656351192, 8.81451014720211, 13.693005220213173, 6.981913139596022, 7.901790119347254, 14.413189372523243], [5.3999724327997605, 12.515066419991268, 9.853052959477822, 10.334835096418093, 10.64711403168495, 8.31187272645295, 99999999.0, 5.723200772824342, 13.70787286559803, 8.322876062941274, 8.06826099944671, 7.087481770064489, 13.45853115028459, 11.83812434079072, 12.636711093122578, 8.033941314964158, 5.78075980008161, 7.356106208897768, 10.81147256386034, 6.839618337240578, 7.74857116947288, 10.916429583247133, 5.504163894774675, 9.075673783400713, 10.68793654202646, 12.32391653807909, 13.037111122099063, 10.258634272596154, 13.966323183563485, 6.545835738310607], [10.789987474058533, 6.249759626558976, 13.339163293284123, 11.279715335071463, 12.733017079963252, 8.48741170531575, 5.723200772824342, 99999999.0, 14.592643378216469, 6.952945276131935, 13.8761618909173, 5.77368567885197, 9.207332495293393, 14.400537362319755, 5.526301444388215, 10.240849963735629, 11.91681640924319, 13.51479419074715, 11.39795412076257, 14.600137205109757, 5.259563342805049, 5.124750122636698, 7.68501285660438, 6.953974648727535, 9.578250032308857, 8.65587636273236, 5.902048175417899, 12.451657875467413, 10.333112257084577, 5.328626731931022], [9.152099130904507, 9.116766031766248, 9.359146831759002, 10.63077236612683, 6.923984551342547, 8.723642043521252, 13.70787286559803, 14.592643378216469, 99999999.0, 10.490679009346852, 8.059140250573723, 5.1779208063400075, 8.379685624302489, 8.560481496034006, 7.139239055372207, 14.539983639013267, 9.926355974804753, 14.221634627283828, 8.824476151905849, 10.771081248628382, 8.184204434695424, 9.24525627218853, 8.553288001248683, 5.311884619371186, 11.876907601950077, 7.523745926055173, 13.738150481120456, 11.125440320603584, 8.171067160703462, 10.061864559337653], [8.278277089479124, 6.399055201902561, 8.736722891736488, 5.827620317086345, 6.775411723180359, 7.275411562850424, 8.322876062941274, 6.952945276131935, 10.490679009346852, 99999999.0, 7.23885755195251, 10.670047453536897, 9.89743498190183, 9.310902975020307, 12.232144827660637, 5.830654638352819, 12.545380849142031, 10.34293496658538, 11.89611295819649, 10.724882363688167, 14.645453970118796, 14.804881035838399, 7.661694594873531, 6.604871512343481, 6.011932682908144, 7.587836370172195, 5.373994388631461, 5.704489622093536, 9.488751560432302, 7.994293270472513], [10.39804365440856, 10.412378058584501, 5.2388755512920575, 9.505816865105817, 7.738250263750156, 14.82542207491036, 8.06826099944671, 13.8761618909173, 8.059140250573723, 7.23885755195251, 99999999.0, 8.068666080856755, 8.398886070185375, 8.30814780918573, 8.192764099752036, 9.945592729512676, 10.831380528014716, 10.791948105400287, 6.223538990445538, 13.284773878159362, 14.919556385208047, 13.604582513751698, 14.201391060337246, 5.240292683885003, 9.59510207606601, 13.302152764077642, 6.998086752479063, 12.528245594225472, 7.2717494491260615, 10.611676314990504], [5.743527382137207, 11.49517076291658, 10.529707968486868, 11.919422800770779, 13.030092179335892, 8.75268423818095, 7.087481770064489, 5.77368567885197, 5.1779208063400075, 10.670047453536897, 8.068666080856755, 99999999.0, 10.644330804727844, 11.312494849287047, 12.02942685337852, 5.064823707168261, 12.17292953178328, 14.460081102440059, 8.976965681824531, 5.676241781261506, 8.129694829390775, 6.530179512991534, 11.430273032786884, 12.665228254540413, 13.41234928983498, 9.281495994526948, 6.804128586158668, 6.268930819872969, 8.007406146520829, 5.844448720810622], [8.302448605146747, 13.293548247709438, 13.924853491936636, 12.080997824827243, 13.585884748824794, 6.56503258235826, 13.45853115028459, 9.207332495293393, 8.379685624302489, 9.89743498190183, 8.398886070185375, 10.644330804727844, 99999999.0, 6.0009593985714185, 7.322915956036139, 5.925735271647406, 14.217877137681981, 11.229412155727314, 6.035910488055655, 10.228386082362812, 7.164953710726704, 5.839723936351604, 7.177719751268871, 8.498274658305327, 10.796304014890268, 12.565661086728598, 5.128181859331439, 12.706506491897, 9.092119771126386, 8.845492186698415], [10.499795180307306, 6.588791193223909, 13.189575748622111, 6.568185572504017, 8.47559168550935, 8.284659268152257, 11.83812434079072, 14.400537362319755, 8.560481496034006, 9.310902975020307, 8.30814780918573, 11.312494849287047, 6.0009593985714185, 99999999.0, 13.168371142670603, 6.189151288065879, 5.218253110996073, 13.994509821918978, 11.183881008999968, 11.778773966289283, 9.056880723689076, 11.703779162665974, 13.937889997438349, 5.8493295549676825, 14.771538077873124, 12.207889652368252, 10.341229224862785, 6.550669505880496, 7.314260898723316, 9.777673410249664], [11.058606571014591, 7.981960676128173, 8.094930956352854, 9.520900691521454, 12.776523850774021, 9.026562161054901, 12.636711093122578, 5.526301444388215, 7.139239055372207, 12.232144827660637, 8.192764099752036, 12.02942685337852, 7.322915956036139, 13.168371142670603, 99999999.0, 5.733503321942064, 6.7802367299682045, 6.6298823721288045, 14.429599234871871, 6.485424706450211, 10.297135554645308, 9.942314265317924, 12.691781871088759, 6.141768336164014, 11.069794988721636, 14.379957283283272, 6.961941504041761, 13.840649714912805, 7.73028549448137, 14.45139492606972], [11.509150571459738, 8.366102748522394, 5.250160485791481, 6.544176540572417, 8.343562457993468, 11.285616731409007, 8.033941314964158, 10.240849963735629, 14.539983639013267, 5.830654638352819, 9.945592729512676, 5.064823707168261, 5.925735271647406, 6.189151288065879, 5.733503321942064, 99999999.0, 7.990414255129404, 14.158986420135518, 5.07460579119448, 10.198791926281483, 5.114069822398534, 13.100488184495953, 14.01104498986449, 10.887582289938297, 10.260107005348704, 8.381770529443578, 7.760183688217216, 14.196341149284482, 11.398066752444475, 9.575435578738233], [9.210728281041836, 11.135947926292038, 7.040593919826048, 11.412247068188282, 12.314144059260364, 11.767117892713195, 5.78075980008161, 11.91681640924319, 9.926355974804753, 12.545380849142031, 10.831380528014716, 12.17292953178328, 14.217877137681981, 5.218253110996073, 6.7802367299682045, 7.990414255129404, 99999999.0, 13.342896589551366, 12.284059251758388, 12.556780842235366, 10.477652194062976, 9.295599412459215, 13.509500356766054, 8.422419234576072, 8.627669631311047, 6.074261281647344, 13.455209683172457, 13.594565522161385, 6.110551785261331, 7.1205645347421065], [7.313205242010344, 7.2927515923423245, 12.291917184894363, 8.487305347028512, 13.581649976770699, 7.55157518857005, 7.356106208897768, 13.51479419074715, 14.221634627283828, 10.34293496658538, 10.791948105400287, 14.460081102440059, 11.229412155727314, 13.994509821918978, 6.6298823721288045, 14.158986420135518, 13.342896589551366, 99999999.0, 10.625107114277402, 12.37617926723209, 5.199664232273452, 14.165150051257493, 8.659450694650404, 10.568036292510104, 7.2033336339326794, 8.899079461876589, 13.762256697922323, 7.939520780126693, 11.621010302210653, 8.357137858246105], [11.561219676495856, 11.638397274382903, 6.4794468316892875, 12.57266699621165, 11.267478601275364, 7.840172607402591, 10.81147256386034, 11.39795412076257, 8.824476151905849, 11.89611295819649, 6.223538990445538, 8.976965681824531, 6.035910488055655, 11.183881008999968, 14.429599234871871, 5.07460579119448, 12.284059251758388, 10.625107114277402, 99999999.0, 5.787790431133731, 5.363503113503597, 10.42077814336084, 11.916386500366668, 10.706179861047609, 5.174387008937472, 13.907242989298089, 9.124880110265387, 7.451143549349676, 10.30615728212559, 5.984316624568588], [6.024993438851272, 8.427727435456163, 5.239562749557213, 11.53546734555534, 14.789596176367812, 12.98611559100727, 6.839618337240578, 14.600137205109757, 10.771081248628382, 10.724882363688167, 13.284773878159362, 5.676241781261506, 10.228386082362812, 11.778773966289283, 6.485424706450211, 10.198791926281483, 12.556780842235366, 12.37617926723209, 5.787790431133731, 99999999.0, 5.336804910635773, 10.235003809845324, 10.868530068496606, 6.12625534785842, 6.9120059550073645, 5.3950490512381934, 8.474879221956957, 9.249998596326638, 6.132337727306924, 10.772394592682302], [10.637171535351303, 11.801192584481985, 6.726902706796367, 5.326123314404928, 13.552960719924302, 7.9674683477210815, 7.74857116947288, 5.259563342805049, 8.184204434695424, 14.645453970118796, 14.919556385208047, 8.129694829390775, 7.164953710726704, 9.056880723689076, 10.297135554645308, 5.114069822398534, 10.477652194062976, 5.199664232273452, 5.363503113503597, 5.336804910635773, 99999999.0, 6.1681648962420565, 13.901292872442164, 8.368355815567668, 9.28804961153013, 6.732509817851557, 13.119785555027432, 14.76151695727323, 10.742122458984682, 10.825361377668507], [6.133408944602722, 12.893469120034503, 8.580493957664654, 9.299712499708924, 13.4578965632994, 12.526818705640252, 10.916429583247133, 5.124750122636698, 9.24525627218853, 14.804881035838399, 13.604582513751698, 6.530179512991534, 5.839723936351604, 11.703779162665974, 9.942314265317924, 13.100488184495953, 9.295599412459215, 14.165150051257493, 10.42077814336084, 10.235003809845324, 6.1681648962420565, 99999999.0, 6.754170900714235, 12.537586164434572, 11.163024346922288, 9.649347164207644, 5.572862247656385, 9.827926167066572, 11.038369762443722, 7.012384539783411], [6.8664349847117565, 7.993976365699272, 9.862362953558819, 7.491806197156424, 5.173609569125307, 10.313639406418908, 5.504163894774675, 7.68501285660438, 8.553288001248683, 7.661694594873531, 14.201391060337246, 11.430273032786884, 7.177719751268871, 13.937889997438349, 12.691781871088759, 14.01104498986449, 13.509500356766054, 8.659450694650404, 11.916386500366668, 10.868530068496606, 13.901292872442164, 6.754170900714235, 99999999.0, 6.505361844447753, 7.768499069143902, 12.706695416884134, 9.77223080921588, 12.902099215231068, 12.665788689206337, 8.792607205345995], [5.148884573498858, 13.836439966805663, 13.654915795481209, 11.222445117418479, 6.6167308156473545, 14.075755680841981, 9.075673783400713, 6.953974648727535, 5.311884619371186, 6.604871512343481, 5.240292683885003, 12.665228254540413, 8.498274658305327, 5.8493295549676825, 6.141768336164014, 10.887582289938297, 8.422419234576072, 10.568036292510104, 10.706179861047609, 6.12625534785842, 8.368355815567668, 12.537586164434572, 6.505361844447753, 99999999.0, 13.890681550536883, 13.850167205073355, 5.044421895676159, 12.825960409934225, 7.046595767624456, 8.32090045127691], [7.244994074851405, 5.005617837158604, 11.370021332378379, 6.902940468757766, 5.9958470880301595, 11.519323656351192, 10.68793654202646, 9.578250032308857, 11.876907601950077, 6.011932682908144, 9.59510207606601, 13.41234928983498, 10.796304014890268, 14.771538077873124, 11.069794988721636, 10.260107005348704, 8.627669631311047, 7.2033336339326794, 5.174387008937472, 6.9120059550073645, 9.28804961153013, 11.163024346922288, 7.768499069143902, 13.890681550536883, 99999999.0, 6.566694800811078, 7.641713736139149, 9.06535381098212, 11.635643836474998, 13.064296871023892], [9.002613504643392, 11.934406040775123, 12.118849855298228, 14.311774938316203, 13.234344302128667, 8.81451014720211, 12.32391653807909, 8.65587636273236, 7.523745926055173, 7.587836370172195, 13.302152764077642, 9.281495994526948, 12.565661086728598, 12.207889652368252, 14.379957283283272, 8.381770529443578, 6.074261281647344, 8.899079461876589, 13.907242989298089, 5.3950490512381934, 6.732509817851557, 9.649347164207644, 12.706695416884134, 13.850167205073355, 6.566694800811078, 99999999.0, 5.71340460170938, 6.459364618468135, 6.993041258125945, 8.70401475379304], [11.806546248339654, 9.009100841412977, 5.448074063201175, 5.05734833174338, 11.708912665100975, 13.693005220213173, 13.037111122099063, 5.902048175417899, 13.738150481120456, 5.373994388631461, 6.998086752479063, 6.804128586158668, 5.128181859331439, 10.341229224862785, 6.961941504041761, 7.760183688217216, 13.455209683172457, 13.762256697922323, 9.124880110265387, 8.474879221956957, 13.119785555027432, 5.572862247656385, 9.77223080921588, 5.044421895676159, 7.641713736139149, 5.71340460170938, 99999999.0, 9.543517885997971, 10.593471874385035, 8.834109860155008], [5.7303624464801315, 6.549396528267369, 10.640063003642439, 13.45022700990355, 6.643004558736852, 6.981913139596022, 10.258634272596154, 12.451657875467413, 11.125440320603584, 5.704489622093536, 12.528245594225472, 6.268930819872969, 12.706506491897, 6.550669505880496, 13.840649714912805, 14.196341149284482, 13.594565522161385, 7.939520780126693, 7.451143549349676, 9.249998596326638, 14.76151695727323, 9.827926167066572, 12.902099215231068, 12.825960409934225, 9.06535381098212, 6.459364618468135, 9.543517885997971, 99999999.0, 5.978523240135617, 13.329395229308092], [7.382480458997031, 7.931233146346246, 6.925667686696561, 12.9371519702487, 6.161656296488508, 7.901790119347254, 13.966323183563485, 10.333112257084577, 8.171067160703462, 9.488751560432302, 7.2717494491260615, 8.007406146520829, 9.092119771126386, 7.314260898723316, 7.73028549448137, 11.398066752444475, 6.110551785261331, 11.621010302210653, 10.30615728212559, 6.132337727306924, 10.742122458984682, 11.038369762443722, 12.665788689206337, 7.046595767624456, 11.635643836474998, 6.993041258125945, 10.593471874385035, 5.978523240135617, 99999999.0, 6.8873258343337405], [9.669482752234927, 14.821950597692258, 10.180235714668509, 5.055653567464401, 13.839382648086696, 14.413189372523243, 6.545835738310607, 5.328626731931022, 10.061864559337653, 7.994293270472513, 10.611676314990504, 5.844448720810622, 8.845492186698415, 9.777673410249664, 14.45139492606972, 9.575435578738233, 7.1205645347421065, 8.357137858246105, 5.984316624568588, 10.772394592682302, 10.825361377668507, 7.012384539783411, 8.792607205345995, 8.32090045127691, 13.064296871023892, 8.70401475379304, 8.834109860155008, 13.329395229308092, 6.8873258343337405, 99999999.0]];
