M = 99999999.0;
numWorkers = 25;
numRoles = 4;
numNodes = 30;
wStart = [0, 264.46657006067636, 127.26335612700619, 415.7623944068085, 14.339935950090833, 55.388141271103095, 413.4291049818485, 92.77773011394976, 101.68830317767218, 166.4867999489806, 400.0705598804924, 199.00526922886425, 387.6432648843397, 109.12365897287744, 36.46460359865084, 376.05731137156755, 271.378610776008, 55.017199703732764, 251.90365158910103, 102.10234530802057, 204.88816746325674, 79.99141024864035, 20.093650445867063, 99.78118335040988, 364.11363131843143, 118.48715641822037, 158.1042314845595, 255.03422870681584, 118.9498226252427, 0];
wEnd = [0, 296.35081593768473, 164.3704893326862, 443.0280704306412, 45.21706630084748, 89.13806905491441, 442.5529801420855, 123.43849719506035, 140.94488953758346, 201.8618560975254, 428.20517212015585, 225.5141105809229, 418.0504742476607, 142.6359107879095, 69.7695274568321, 405.0681496418906, 304.1224812193317, 84.51839432976124, 290.30165539665666, 136.60113610923224, 237.36965736281337, 114.51944896901887, 54.366522581579886, 128.50265639975396, 403.4327692438776, 148.4170544182871, 186.13427410527714, 280.8320845909999, 147.73747097526405, 450];
p = [0, 18.874090706022088, 21.66775994299472, 9.93045135861879, 9.53026924928448, 15.46329540813134, 15.074779979957823, 15.256738028757823, 13.22228081793031, 12.13479841145372, 10.66868258549087, 12.401740913316115, 18.815812287290843, 17.465667231072796, 21.56682394498797, 16.679400129875344, 16.80482689439659, 18.245350389963797, 21.26944066572956, 20.940564529554138, 16.20445941776288, 17.548665674726017, 14.576662455437502, 7.411571168939659, 16.624837720216135, 12.07964109804952, 14.81095721884505, 13.135702163697623, 18.67971231440328, 0];
e = [[0, 1, 0, 1], [0, 1, 1, 0], [1, 0, 0, 1], [0, 1, 1, 0], [1, 0, 1, 0], [1, 0, 1, 0], [1, 1, 0, 0], [0, 1, 0, 1], [1, 1, 0, 0], [0, 1, 0, 1], [1, 1, 0, 0], [1, 0, 1, 0], [1, 0, 0, 1], [1, 0, 1, 0], [1, 0, 0, 1], [0, 0, 1, 0], [0, 1, 0, 0], [0, 0, 0, 1], [0, 0, 0, 1], [0, 0, 1, 0], [0, 0, 0, 1], [0, 0, 1, 0], [0, 0, 0, 1], [0, 1, 0, 0], [0, 0, 1, 0]];
d = [[0, 0, 3, 0, 2, 3, 2, 1, 3, 1, 2, 2, 0, 1, 0, 2, 0, 4, 1, 2, 2, 4, 4, 0, 1, 1, 0, 2], [1, 1, 2, 3, 1, 0, 2, 1, 0, 2, 2, 2, 1, 1, 2, 2, 1, 1, 2, 0, 1, 1, 2, 1, 2, 2, 3, 2], [1, 2, 0, 2, 0, 1, 2, 0, 2, 2, 0, 0, 2, 1, 5, 0, 2, 1, 2, 1, 3, 0, 1, 1, 1, 1, 4, 3], [4, 3, 2, 3, 1, 0, 2, 6, 1, 1, 3, 1, 3, 1, 1, 1, 3, 1, 3, 0, 2, 1, 1, 1, 1, 3, 1, 1]];
r = [1357.9087527082033, 2588.10133954358, 621.484032010967, 903.5193653763644, 1152.9765861200588, 831.5780924492266, 2435.914363996132, 2365.2624229972416, 811.7661156048351, 1553.8336124506748, 2469.158058543529, 2302.345083731573, 1257.9261889804866, 1531.038731453863, 1492.461616545449, 3137.7879877546025, 1050.4206672178452, 2044.2359945219212, 1737.2507605644744, 2386.2729971393023, 2705.104336752864, 2730.027124830082, 1007.5436433591365, 1865.5363828738427, 883.5739099226267, 2658.915533046201, 2419.636044238139, 1375.0112613243775];
b = [[[0.0, 0.0, 0.0, 0.0, 0.0, 0.0, 0.0, 0.0, 0.0, 0.0, 0.0, 0.0, 0.0, 0.0, 0.0, 0.0, 0.0, 0.0, 0.0, 0.0, 0.0, 0.0, 0.0, 0.0, 0.0, 0.0, 0.0, 0.0], [0.0, 0.0, 0.0, 0.0, 0.0, 0.0, 0.0, 0.0, 0.0, 0.0, 0.0, 0.0, 0.0, 0.0, 0.0, 0.0, 0.0, 0.0, 0.0, 0.0, 0.0, 0.0, 0.0, 0.0, 0.0, 0.0, 0.0, 0.0], [0.0, 0.0, 0.0, 0.0, 0.0, 0.0, 0.0, 0.0, 0.0, 0.0, 0.0, 0.0, 0.0, 0.0, 0.0, 0.0, 0.0, 0.0, 0.0, 0.0, 0.0, 0.0, 0.0, 0.0, 0.0, 0.0, 0.0, 0.0], [0.0, 0.0, 0.0, 0.0, 0.0, 0.0, 0.0, 0.0, 0.0, 0.0, 0.0, 0.0, 0.0, 0.0, 0.0, 0.0, 0.0, 0.0, 0.0, 0.0, 0.0, 0.0, 0.0, 0.0, 0.0, 0.0, 0.0, 0.0]], [[0.0, 0.0, 0.0, 0.0, 0.0, 0.0, 0.0, 0.0, 0.0, 0.0, 0.0, 0.0, 0.0, 0.0, 0.0, 0.0, 0.0, 0.0, 0.0, 0.0, 0.0, 0.0, 0.0, 0.0, 0.0, 0.0, 0.0, 0.0], [0.0, 0.0, 0.0, 0.0, 0.0, 0.0, 0.0, 0.0, 0.0, 0.0, 0.0, 0.0, 0.0, 0.0, 0.0, 0.0, 0.0, 0.0, 0.0, 0.0, 0.0, 0.0, 0.0, 0.0, 0.0, 0.0, 0.0, 0.0], [0.0, 0.0, 0.0, 0.0, 0.0, 0.0, 0.0, 0.0, 0.0, 0.0, 0.0, 0.0, 0.0, 0.0, 0.0, 0.0, 0.0, 0.0, 0.0, 0.0, 0.0, 0.0, 0.0, 0.0, 0.0, 0.0, 0.0, 0.0], [0.0, 0.0, 0.0, 0.0, 0.0, 0.0, 0.0, 0.0, 0.0, 0.0, 0.0, 0.0, 0.0, 0.0, 0.0, 0.0, 0.0, 0.0, 0.0, 0.0, 0.0, 0.0, 0.0, 0.0, 0.0, 0.0, 0.0, 0.0]], [[0.0, 0.0, 0.0, 0.0, 0.0, 0.0, 0.0, 0.0, 0.0, 0.0, 0.0, 0.0, 0.0, 0.0, 0.0, 0.0, 0.0, 0.0, 0.0, 0.0, 0.0, 0.0, 0.0, 0.0, 0.0, 0.0, 0.0, 0.0], [0.0, 0.0, 0.0, 0.0, 0.0, 0.0, 0.0, 0.0, 0.0, 0.0, 0.0, 0.0, 0.0, 0.0, 0.0, 0.0, 0.0, 0.0, 0.0, 0.0, 0.0, 0.0, 0.0, 0.0, 0.0, 0.0, 0.0, 0.0], [0.0, 0.0, 0.0, 0.0, 0.0, 0.0, 0.0, 0.0, 0.0, 0.0, 0.0, 0.0, 0.0, 0.0, 0.0, 0.0, 0.0, 0.0, 0.0, 0.0, 0.0, 0.0, 0.0, 0.0, 0.0, 0.0, 0.0, 0.0], [0.0, 0.0, 0.0, 0.0, 0.0, 0.0, 0.0, 0.0, 0.0, 0.0, 0.0, 0.0, 0.0, 0.0, 0.0, 0.0, 0.0, 0.0, 0.0, 0.0, 0.0, 0.0, 0.0, 0.0, 0.0, 0.0, 0.0, 0.0]], [[0.0, 0.0, 0.0, 0.0, 0.0, 0.0, 0.0, 0.0, 0.0, 0.0, 0.0, 0.0, 0.0, 0.0, 0.0, 0.0, 0.0, 0.0, 0.0, 0.0, 0.0, 0.0, 0.0, 0.0, 0.0, 0.0, 0.0, 0.0], [0.0, 0.0, 0.0, 0.0, 0.0, 0.0, 0.0, 0.0, 0.0, 0.0, 0.0, 0.0, 0.0, 0.0, 0.0, 0.0, 0.0, 0.0, 0.0, 0.0, 0.0, 0.0, 0.0, 0.0, 0.0, 0.0, 0.0, 0.0], [0.0, 0.0, 0.0, 0.0, 0.0, 0.0, 0.0, 0.0, 0.0, 0.0, 0.0, 0.0, 0.0, 0.0, 0.0, 0.0, 0.0, 0.0, 0.0, 0.0, 0.0, 0.0, 0.0, 0.0, 0.0, 0.0, 0.0, 0.0], [0.0, 0.0, 0.0, 0.0, 0.0, 0.0, 0.0, 0.0, 0.0, 0.0, 0.0, 0.0, 0.0, 0.0, 0.0, 0.0, 0.0, 0.0, 0.0, 0.0, 0.0, 0.0, 0.0, 0.0, 0.0, 0.0, 0.0, 0.0]], [[0.0, 0.0, 0.0, 0.0, 0.0, 0.0, 0.0, 0.0, 0.0, 0.0, 0.0, 0.0, 0.0, 0.0, 0.0, 0.0, 0.0, 0.0, 0.0, 0.0, 0.0, 0.0, 0.0, 0.0, 0.0, 0.0, 0.0, 0.0], [0.0, 0.0, 0.0, 0.0, 0.0, 0.0, 0.0, 0.0, 0.0, 0.0, 0.0, 0.0, 0.0, 0.0, 0.0, 0.0, 0.0, 0.0, 0.0, 0.0, 0.0, 0.0, 0.0, 0.0, 0.0, 0.0, 0.0, 0.0], [0.0, 0.0, 0.0, 0.0, 0.0, 0.0, 0.0, 0.0, 0.0, 0.0, 0.0, 0.0, 0.0, 0.0, 0.0, 0.0, 0.0, 0.0, 0.0, 0.0, 0.0, 0.0, 0.0, 0.0, 0.0, 0.0, 0.0, 0.0], [0.0, 0.0, 0.0, 0.0, 0.0, 0.0, 0.0, 0.0, 0.0, 0.0, 0.0, 0.0, 0.0, 0.0, 0.0, 0.0, 0.0, 0.0, 0.0, 0.0, 0.0, 0.0, 0.0, 0.0, 0.0, 0.0, 0.0, 0.0]], [[0.0, 0.0, 0.0, 0.0, 0.0, 0.0, 0.0, 0.0, 0.0, 0.0, 0.0, 0.0, 0.0, 0.0, 0.0, 0.0, 0.0, 0.0, 0.0, 0.0, 0.0, 0.0, 0.0, 0.0, 0.0, 0.0, 0.0, 0.0], [0.0, 0.0, 0.0, 0.0, 0.0, 0.0, 0.0, 0.0, 0.0, 0.0, 0.0, 0.0, 0.0, 0.0, 0.0, 0.0, 0.0, 0.0, 0.0, 0.0, 0.0, 0.0, 0.0, 0.0, 0.0, 0.0, 0.0, 0.0], [0.0, 0.0, 0.0, 0.0, 0.0, 0.0, 0.0, 0.0, 0.0, 0.0, 0.0, 0.0, 0.0, 0.0, 0.0, 0.0, 0.0, 0.0, 0.0, 0.0, 0.0, 0.0, 0.0, 0.0, 0.0, 0.0, 0.0, 0.0], [0.0, 0.0, 0.0, 0.0, 0.0, 0.0, 0.0, 0.0, 0.0, 0.0, 0.0, 0.0, 0.0, 0.0, 0.0, 0.0, 0.0, 0.0, 0.0, 0.0, 0.0, 0.0, 0.0, 0.0, 0.0, 0.0, 0.0, 0.0]], [[0.0, 0.0, 0.0, 0.0, 0.0, 0.0, 0.0, 0.0, 0.0, 0.0, 0.0, 0.0, 0.0, 0.0, 0.0, 0.0, 0.0, 0.0, 0.0, 0.0, 0.0, 0.0, 0.0, 0.0, 0.0, 0.0, 0.0, 0.0], [0.0, 0.0, 0.0, 0.0, 0.0, 0.0, 0.0, 0.0, 0.0, 0.0, 0.0, 0.0, 0.0, 0.0, 0.0, 0.0, 0.0, 0.0, 0.0, 0.0, 0.0, 0.0, 0.0, 0.0, 0.0, 0.0, 0.0, 0.0], [0.0, 0.0, 0.0, 0.0, 0.0, 0.0, 0.0, 0.0, 0.0, 0.0, 0.0, 0.0, 0.0, 0.0, 0.0, 0.0, 0.0, 0.0, 0.0, 0.0, 0.0, 0.0, 0.0, 0.0, 0.0, 0.0, 0.0, 0.0], [0.0, 0.0, 0.0, 0.0, 0.0, 0.0, 0.0, 0.0, 0.0, 0.0, 0.0, 0.0, 0.0, 0.0, 0.0, 0.0, 0.0, 0.0, 0.0, 0.0, 0.0, 0.0, 0.0, 0.0, 0.0, 0.0, 0.0, 0.0]], [[0.0, 0.0, 0.0, 0.0, 0.0, 0.0, 0.0, 0.0, 0.0, 0.0, 0.0, 0.0, 0.0, 0.0, 0.0, 0.0, 0.0, 0.0, 0.0, 0.0, 0.0, 0.0, 0.0, 0.0, 0.0, 0.0, 0.0, 0.0], [0.0, 0.0, 0.0, 0.0, 0.0, 0.0, 0.0, 0.0, 0.0, 0.0, 0.0, 0.0, 0.0, 0.0, 0.0, 0.0, 0.0, 0.0, 0.0, 0.0, 0.0, 0.0, 0.0, 0.0, 0.0, 0.0, 0.0, 0.0], [0.0, 0.0, 0.0, 0.0, 0.0, 0.0, 0.0, 0.0, 0.0, 0.0, 0.0, 0.0, 0.0, 0.0, 0.0, 0.0, 0.0, 0.0, 0.0, 0.0, 0.0, 0.0, 0.0, 0.0, 0.0, 0.0, 0.0, 0.0], [0.0, 0.0, 0.0, 0.0, 0.0, 0.0, 0.0, 0.0, 0.0, 0.0, 0.0, 0.0, 0.0, 0.0, 0.0, 0.0, 0.0, 0.0, 0.0, 0.0, 0.0, 0.0, 0.0, 0.0, 0.0, 0.0, 0.0, 0.0]], [[0.0, 0.0, 0.0, 0.0, 0.0, 0.0, 0.0, 0.0, 0.0, 0.0, 0.0, 0.0, 0.0, 0.0, 0.0, 0.0, 0.0, 0.0, 0.0, 0.0, 0.0, 0.0, 0.0, 0.0, 0.0, 0.0, 0.0, 0.0], [0.0, 0.0, 0.0, 0.0, 0.0, 0.0, 0.0, 0.0, 0.0, 0.0, 0.0, 0.0, 0.0, 0.0, 0.0, 0.0, 0.0, 0.0, 0.0, 0.0, 0.0, 0.0, 0.0, 0.0, 0.0, 0.0, 0.0, 0.0], [0.0, 0.0, 0.0, 0.0, 0.0, 0.0, 0.0, 0.0, 0.0, 0.0, 0.0, 0.0, 0.0, 0.0, 0.0, 0.0, 0.0, 0.0, 0.0, 0.0, 0.0, 0.0, 0.0, 0.0, 0.0, 0.0, 0.0, 0.0], [0.0, 0.0, 0.0, 0.0, 0.0, 0.0, 0.0, 0.0, 0.0, 0.0, 0.0, 0.0, 0.0, 0.0, 0.0, 0.0, 0.0, 0.0, 0.0, 0.0, 0.0, 0.0, 0.0, 0.0, 0.0, 0.0, 0.0, 0.0]], [[0.0, 0.0, 0.0, 0.0, 0.0, 0.0, 0.0, 0.0, 0.0, 0.0, 0.0, 0.0, 0.0, 0.0, 0.0, 0.0, 0.0, 0.0, 0.0, 0.0, 0.0, 0.0, 0.0, 0.0, 0.0, 0.0, 0.0, 0.0], [0.0, 0.0, 0.0, 0.0, 0.0, 0.0, 0.0, 0.0, 0.0, 0.0, 0.0, 0.0, 0.0, 0.0, 0.0, 0.0, 0.0, 0.0, 0.0, 0.0, 0.0, 0.0, 0.0, 0.0, 0.0, 0.0, 0.0, 0.0], [0.0, 0.0, 0.0, 0.0, 0.0, 0.0, 0.0, 0.0, 0.0, 0.0, 0.0, 0.0, 0.0, 0.0, 0.0, 0.0, 0.0, 0.0, 0.0, 0.0, 0.0, 0.0, 0.0, 0.0, 0.0, 0.0, 0.0, 0.0], [0.0, 0.0, 0.0, 0.0, 0.0, 0.0, 0.0, 0.0, 0.0, 0.0, 0.0, 0.0, 0.0, 0.0, 0.0, 0.0, 0.0, 0.0, 0.0, 0.0, 0.0, 0.0, 0.0, 0.0, 0.0, 0.0, 0.0, 0.0]], [[0.0, 0.0, 0.0, 0.0, 0.0, 0.0, 0.0, 0.0, 0.0, 0.0, 0.0, 0.0, 0.0, 0.0, 0.0, 0.0, 0.0, 0.0, 0.0, 0.0, 0.0, 0.0, 0.0, 0.0, 0.0, 0.0, 0.0, 0.0], [0.0, 0.0, 0.0, 0.0, 0.0, 0.0, 0.0, 0.0, 0.0, 0.0, 0.0, 0.0, 0.0, 0.0, 0.0, 0.0, 0.0, 0.0, 0.0, 0.0, 0.0, 0.0, 0.0, 0.0, 0.0, 0.0, 0.0, 0.0], [0.0, 0.0, 0.0, 0.0, 0.0, 0.0, 0.0, 0.0, 0.0, 0.0, 0.0, 0.0, 0.0, 0.0, 0.0, 0.0, 0.0, 0.0, 0.0, 0.0, 0.0, 0.0, 0.0, 0.0, 0.0, 0.0, 0.0, 0.0], [0.0, 0.0, 0.0, 0.0, 0.0, 0.0, 0.0, 0.0, 0.0, 0.0, 0.0, 0.0, 0.0, 0.0, 0.0, 0.0, 0.0, 0.0, 0.0, 0.0, 0.0, 0.0, 0.0, 0.0, 0.0, 0.0, 0.0, 0.0]], [[0.0, 0.0, 0.0, 0.0, 0.0, 0.0, 0.0, 0.0, 0.0, 0.0, 0.0, 0.0, 0.0, 0.0, 0.0, 0.0, 0.0, 0.0, 0.0, 0.0, 0.0, 0.0, 0.0, 0.0, 0.0, 0.0, 0.0, 0.0], [0.0, 0.0, 0.0, 0.0, 0.0, 0.0, 0.0, 0.0, 0.0, 0.0, 0.0, 0.0, 0.0, 0.0, 0.0, 0.0, 0.0, 0.0, 0.0, 0.0, 0.0, 0.0, 0.0, 0.0, 0.0, 0.0, 0.0, 0.0], [0.0, 0.0, 0.0, 0.0, 0.0, 0.0, 0.0, 0.0, 0.0, 0.0, 0.0, 0.0, 0.0, 0.0, 0.0, 0.0, 0.0, 0.0, 0.0, 0.0, 0.0, 0.0, 0.0, 0.0, 0.0, 0.0, 0.0, 0.0], [0.0, 0.0, 0.0, 0.0, 0.0, 0.0, 0.0, 0.0, 0.0, 0.0, 0.0, 0.0, 0.0, 0.0, 0.0, 0.0, 0.0, 0.0, 0.0, 0.0, 0.0, 0.0, 0.0, 0.0, 0.0, 0.0, 0.0, 0.0]], [[0.0, 0.0, 0.0, 0.0, 0.0, 0.0, 0.0, 0.0, 0.0, 0.0, 0.0, 0.0, 0.0, 0.0, 0.0, 0.0, 0.0, 0.0, 0.0, 0.0, 0.0, 0.0, 0.0, 0.0, 0.0, 0.0, 0.0, 0.0], [0.0, 0.0, 0.0, 0.0, 0.0, 0.0, 0.0, 0.0, 0.0, 0.0, 0.0, 0.0, 0.0, 0.0, 0.0, 0.0, 0.0, 0.0, 0.0, 0.0, 0.0, 0.0, 0.0, 0.0, 0.0, 0.0, 0.0, 0.0], [0.0, 0.0, 0.0, 0.0, 0.0, 0.0, 0.0, 0.0, 0.0, 0.0, 0.0, 0.0, 0.0, 0.0, 0.0, 0.0, 0.0, 0.0, 0.0, 0.0, 0.0, 0.0, 0.0, 0.0, 0.0, 0.0, 0.0, 0.0], [0.0, 0.0, 0.0, 0.0, 0.0, 0.0, 0.0, 0.0, 0.0, 0.0, 0.0, 0.0, 0.0, 0.0, 0.0, 0.0, 0.0, 0.0, 0.0, 0.0, 0.0, 0.0, 0.0, 0.0, 0.0, 0.0, 0.0, 0.0]], [[0.0, 0.0, 0.0, 0.0, 0.0, 0.0, 0.0, 0.0, 0.0, 0.0, 0.0, 0.0, 0.0, 0.0, 0.0, 0.0, 0.0, 0.0, 0.0, 0.0, 0.0, 0.0, 0.0, 0.0, 0.0, 0.0, 0.0, 0.0], [0.0, 0.0, 0.0, 0.0, 0.0, 0.0, 0.0, 0.0, 0.0, 0.0, 0.0, 0.0, 0.0, 0.0, 0.0, 0.0, 0.0, 0.0, 0.0, 0.0, 0.0, 0.0, 0.0, 0.0, 0.0, 0.0, 0.0, 0.0], [0.0, 0.0, 0.0, 0.0, 0.0, 0.0, 0.0, 0.0, 0.0, 0.0, 0.0, 0.0, 0.0, 0.0, 0.0, 0.0, 0.0, 0.0, 0.0, 0.0, 0.0, 0.0, 0.0, 0.0, 0.0, 0.0, 0.0, 0.0], [0.0, 0.0, 0.0, 0.0, 0.0, 0.0, 0.0, 0.0, 0.0, 0.0, 0.0, 0.0, 0.0, 0.0, 0.0, 0.0, 0.0, 0.0, 0.0, 0.0, 0.0, 0.0, 0.0, 0.0, 0.0, 0.0, 0.0, 0.0]], [[0.0, 0.0, 0.0, 0.0, 0.0, 0.0, 0.0, 0.0, 0.0, 0.0, 0.0, 0.0, 0.0, 0.0, 0.0, 0.0, 0.0, 0.0, 0.0, 0.0, 0.0, 0.0, 0.0, 0.0, 0.0, 0.0, 0.0, 0.0], [0.0, 0.0, 0.0, 0.0, 0.0, 0.0, 0.0, 0.0, 0.0, 0.0, 0.0, 0.0, 0.0, 0.0, 0.0, 0.0, 0.0, 0.0, 0.0, 0.0, 0.0, 0.0, 0.0, 0.0, 0.0, 0.0, 0.0, 0.0], [0.0, 0.0, 0.0, 0.0, 0.0, 0.0, 0.0, 0.0, 0.0, 0.0, 0.0, 0.0, 0.0, 0.0, 0.0, 0.0, 0.0, 0.0, 0.0, 0.0, 0.0, 0.0, 0.0, 0.0, 0.0, 0.0, 0.0, 0.0], [0.0, 0.0, 0.0, 0.0, 0.0, 0.0, 0.0, 0.0, 0.0, 0.0, 0.0, 0.0, 0.0, 0.0, 0.0, 0.0, 0.0, 0.0, 0.0, 0.0, 0.0, 0.0, 0.0, 0.0, 0.0, 0.0, 0.0, 0.0]], [[0.0, 0.0, 0.0, 0.0, 0.0, 0.0, 0.0, 0.0, 0.0, 0.0, 0.0, 0.0, 0.0, 0.0, 0.0, 0.0, 0.0, 0.0, 0.0, 0.0, 0.0, 0.0, 0.0, 0.0, 0.0, 0.0, 0.0, 0.0], [0.0, 0.0, 0.0, 0.0, 0.0, 0.0, 0.0, 0.0, 0.0, 0.0, 0.0, 0.0, 0.0, 0.0, 0.0, 0.0, 0.0, 0.0, 0.0, 0.0, 0.0, 0.0, 0.0, 0.0, 0.0, 0.0, 0.0, 0.0], [0.0, 0.0, 0.0, 0.0, 0.0, 0.0, 0.0, 0.0, 0.0, 0.0, 0.0, 0.0, 0.0, 0.0, 0.0, 0.0, 0.0, 0.0, 0.0, 0.0, 0.0, 0.0, 0.0, 0.0, 0.0, 0.0, 0.0, 0.0], [0.0, 0.0, 0.0, 0.0, 0.0, 0.0, 0.0, 0.0, 0.0, 0.0, 0.0, 0.0, 0.0, 0.0, 0.0, 0.0, 0.0, 0.0, 0.0, 0.0, 0.0, 0.0, 0.0, 0.0, 0.0, 0.0, 0.0, 0.0]], [[0.0, 0.0, 0.0, 0.0, 0.0, 0.0, 0.0, 0.0, 0.0, 0.0, 0.0, 0.0, 0.0, 0.0, 0.0, 0.0, 0.0, 0.0, 0.0, 0.0, 0.0, 0.0, 0.0, 0.0, 0.0, 0.0, 0.0, 0.0], [0.0, 0.0, 0.0, 0.0, 0.0, 0.0, 0.0, 0.0, 0.0, 0.0, 0.0, 0.0, 0.0, 0.0, 0.0, 0.0, 0.0, 0.0, 0.0, 0.0, 0.0, 0.0, 0.0, 0.0, 0.0, 0.0, 0.0, 0.0], [0.0, 0.0, 0.0, 0.0, 0.0, 0.0, 0.0, 0.0, 0.0, 0.0, 0.0, 0.0, 0.0, 0.0, 0.0, 0.0, 0.0, 0.0, 0.0, 0.0, 0.0, 0.0, 0.0, 0.0, 0.0, 0.0, 0.0, 0.0], [0.0, 0.0, 0.0, 0.0, 0.0, 0.0, 0.0, 0.0, 0.0, 0.0, 0.0, 0.0, 0.0, 0.0, 0.0, 0.0, 0.0, 0.0, 0.0, 0.0, 0.0, 0.0, 0.0, 0.0, 0.0, 0.0, 0.0, 0.0]], [[0.0, 0.0, 0.0, 0.0, 0.0, 0.0, 0.0, 0.0, 0.0, 0.0, 0.0, 0.0, 0.0, 0.0, 0.0, 0.0, 0.0, 0.0, 0.0, 0.0, 0.0, 0.0, 0.0, 0.0, 0.0, 0.0, 0.0, 0.0], [0.0, 0.0, 0.0, 0.0, 0.0, 0.0, 0.0, 0.0, 0.0, 0.0, 0.0, 0.0, 0.0, 0.0, 0.0, 0.0, 0.0, 0.0, 0.0, 0.0, 0.0, 0.0, 0.0, 0.0, 0.0, 0.0, 0.0, 0.0], [0.0, 0.0, 0.0, 0.0, 0.0, 0.0, 0.0, 0.0, 0.0, 0.0, 0.0, 0.0, 0.0, 0.0, 0.0, 0.0, 0.0, 0.0, 0.0, 0.0, 0.0, 0.0, 0.0, 0.0, 0.0, 0.0, 0.0, 0.0], [0.0, 0.0, 0.0, 0.0, 0.0, 0.0, 0.0, 0.0, 0.0, 0.0, 0.0, 0.0, 0.0, 0.0, 0.0, 0.0, 0.0, 0.0, 0.0, 0.0, 0.0, 0.0, 0.0, 0.0, 0.0, 0.0, 0.0, 0.0]], [[0.0, 0.0, 0.0, 0.0, 0.0, 0.0, 0.0, 0.0, 0.0, 0.0, 0.0, 0.0, 0.0, 0.0, 0.0, 0.0, 0.0, 0.0, 0.0, 0.0, 0.0, 0.0, 0.0, 0.0, 0.0, 0.0, 0.0, 0.0], [0.0, 0.0, 0.0, 0.0, 0.0, 0.0, 0.0, 0.0, 0.0, 0.0, 0.0, 0.0, 0.0, 0.0, 0.0, 0.0, 0.0, 0.0, 0.0, 0.0, 0.0, 0.0, 0.0, 0.0, 0.0, 0.0, 0.0, 0.0], [0.0, 0.0, 0.0, 0.0, 0.0, 0.0, 0.0, 0.0, 0.0, 0.0, 0.0, 0.0, 0.0, 0.0, 0.0, 0.0, 0.0, 0.0, 0.0, 0.0, 0.0, 0.0, 0.0, 0.0, 0.0, 0.0, 0.0, 0.0], [0.0, 0.0, 0.0, 0.0, 0.0, 0.0, 0.0, 0.0, 0.0, 0.0, 0.0, 0.0, 0.0, 0.0, 0.0, 0.0, 0.0, 0.0, 0.0, 0.0, 0.0, 0.0, 0.0, 0.0, 0.0, 0.0, 0.0, 0.0]], [[0.0, 0.0, 0.0, 0.0, 0.0, 0.0, 0.0, 0.0, 0.0, 0.0, 0.0, 0.0, 0.0, 0.0, 0.0, 0.0, 0.0, 0.0, 0.0, 0.0, 0.0, 0.0, 0.0, 0.0, 0.0, 0.0, 0.0, 0.0], [0.0, 0.0, 0.0, 0.0, 0.0, 0.0, 0.0, 0.0, 0.0, 0.0, 0.0, 0.0, 0.0, 0.0, 0.0, 0.0, 0.0, 0.0, 0.0, 0.0, 0.0, 0.0, 0.0, 0.0, 0.0, 0.0, 0.0, 0.0], [0.0, 0.0, 0.0, 0.0, 0.0, 0.0, 0.0, 0.0, 0.0, 0.0, 0.0, 0.0, 0.0, 0.0, 0.0, 0.0, 0.0, 0.0, 0.0, 0.0, 0.0, 0.0, 0.0, 0.0, 0.0, 0.0, 0.0, 0.0], [0.0, 0.0, 0.0, 0.0, 0.0, 0.0, 0.0, 0.0, 0.0, 0.0, 0.0, 0.0, 0.0, 0.0, 0.0, 0.0, 0.0, 0.0, 0.0, 0.0, 0.0, 0.0, 0.0, 0.0, 0.0, 0.0, 0.0, 0.0]], [[0.0, 0.0, 0.0, 0.0, 0.0, 0.0, 0.0, 0.0, 0.0, 0.0, 0.0, 0.0, 0.0, 0.0, 0.0, 0.0, 0.0, 0.0, 0.0, 0.0, 0.0, 0.0, 0.0, 0.0, 0.0, 0.0, 0.0, 0.0], [0.0, 0.0, 0.0, 0.0, 0.0, 0.0, 0.0, 0.0, 0.0, 0.0, 0.0, 0.0, 0.0, 0.0, 0.0, 0.0, 0.0, 0.0, 0.0, 0.0, 0.0, 0.0, 0.0, 0.0, 0.0, 0.0, 0.0, 0.0], [0.0, 0.0, 0.0, 0.0, 0.0, 0.0, 0.0, 0.0, 0.0, 0.0, 0.0, 0.0, 0.0, 0.0, 0.0, 0.0, 0.0, 0.0, 0.0, 0.0, 0.0, 0.0, 0.0, 0.0, 0.0, 0.0, 0.0, 0.0], [0.0, 0.0, 0.0, 0.0, 0.0, 0.0, 0.0, 0.0, 0.0, 0.0, 0.0, 0.0, 0.0, 0.0, 0.0, 0.0, 0.0, 0.0, 0.0, 0.0, 0.0, 0.0, 0.0, 0.0, 0.0, 0.0, 0.0, 0.0]], [[0.0, 0.0, 0.0, 0.0, 0.0, 0.0, 0.0, 0.0, 0.0, 0.0, 0.0, 0.0, 0.0, 0.0, 0.0, 0.0, 0.0, 0.0, 0.0, 0.0, 0.0, 0.0, 0.0, 0.0, 0.0, 0.0, 0.0, 0.0], [0.0, 0.0, 0.0, 0.0, 0.0, 0.0, 0.0, 0.0, 0.0, 0.0, 0.0, 0.0, 0.0, 0.0, 0.0, 0.0, 0.0, 0.0, 0.0, 0.0, 0.0, 0.0, 0.0, 0.0, 0.0, 0.0, 0.0, 0.0], [0.0, 0.0, 0.0, 0.0, 0.0, 0.0, 0.0, 0.0, 0.0, 0.0, 0.0, 0.0, 0.0, 0.0, 0.0, 0.0, 0.0, 0.0, 0.0, 0.0, 0.0, 0.0, 0.0, 0.0, 0.0, 0.0, 0.0, 0.0], [0.0, 0.0, 0.0, 0.0, 0.0, 0.0, 0.0, 0.0, 0.0, 0.0, 0.0, 0.0, 0.0, 0.0, 0.0, 0.0, 0.0, 0.0, 0.0, 0.0, 0.0, 0.0, 0.0, 0.0, 0.0, 0.0, 0.0, 0.0]], [[0.0, 0.0, 0.0, 0.0, 0.0, 0.0, 0.0, 0.0, 0.0, 0.0, 0.0, 0.0, 0.0, 0.0, 0.0, 0.0, 0.0, 0.0, 0.0, 0.0, 0.0, 0.0, 0.0, 0.0, 0.0, 0.0, 0.0, 0.0], [0.0, 0.0, 0.0, 0.0, 0.0, 0.0, 0.0, 0.0, 0.0, 0.0, 0.0, 0.0, 0.0, 0.0, 0.0, 0.0, 0.0, 0.0, 0.0, 0.0, 0.0, 0.0, 0.0, 0.0, 0.0, 0.0, 0.0, 0.0], [0.0, 0.0, 0.0, 0.0, 0.0, 0.0, 0.0, 0.0, 0.0, 0.0, 0.0, 0.0, 0.0, 0.0, 0.0, 0.0, 0.0, 0.0, 0.0, 0.0, 0.0, 0.0, 0.0, 0.0, 0.0, 0.0, 0.0, 0.0], [0.0, 0.0, 0.0, 0.0, 0.0, 0.0, 0.0, 0.0, 0.0, 0.0, 0.0, 0.0, 0.0, 0.0, 0.0, 0.0, 0.0, 0.0, 0.0, 0.0, 0.0, 0.0, 0.0, 0.0, 0.0, 0.0, 0.0, 0.0]], [[0.0, 0.0, 0.0, 0.0, 0.0, 0.0, 0.0, 0.0, 0.0, 0.0, 0.0, 0.0, 0.0, 0.0, 0.0, 0.0, 0.0, 0.0, 0.0, 0.0, 0.0, 0.0, 0.0, 0.0, 0.0, 0.0, 0.0, 0.0], [0.0, 0.0, 0.0, 0.0, 0.0, 0.0, 0.0, 0.0, 0.0, 0.0, 0.0, 0.0, 0.0, 0.0, 0.0, 0.0, 0.0, 0.0, 0.0, 0.0, 0.0, 0.0, 0.0, 0.0, 0.0, 0.0, 0.0, 0.0], [0.0, 0.0, 0.0, 0.0, 0.0, 0.0, 0.0, 0.0, 0.0, 0.0, 0.0, 0.0, 0.0, 0.0, 0.0, 0.0, 0.0, 0.0, 0.0, 0.0, 0.0, 0.0, 0.0, 0.0, 0.0, 0.0, 0.0, 0.0], [0.0, 0.0, 0.0, 0.0, 0.0, 0.0, 0.0, 0.0, 0.0, 0.0, 0.0, 0.0, 0.0, 0.0, 0.0, 0.0, 0.0, 0.0, 0.0, 0.0, 0.0, 0.0, 0.0, 0.0, 0.0, 0.0, 0.0, 0.0]], [[0.0, 0.0, 0.0, 0.0, 0.0, 0.0, 0.0, 0.0, 0.0, 0.0, 0.0, 0.0, 0.0, 0.0, 0.0, 0.0, 0.0, 0.0, 0.0, 0.0, 0.0, 0.0, 0.0, 0.0, 0.0, 0.0, 0.0, 0.0], [0.0, 0.0, 0.0, 0.0, 0.0, 0.0, 0.0, 0.0, 0.0, 0.0, 0.0, 0.0, 0.0, 0.0, 0.0, 0.0, 0.0, 0.0, 0.0, 0.0, 0.0, 0.0, 0.0, 0.0, 0.0, 0.0, 0.0, 0.0], [0.0, 0.0, 0.0, 0.0, 0.0, 0.0, 0.0, 0.0, 0.0, 0.0, 0.0, 0.0, 0.0, 0.0, 0.0, 0.0, 0.0, 0.0, 0.0, 0.0, 0.0, 0.0, 0.0, 0.0, 0.0, 0.0, 0.0, 0.0], [0.0, 0.0, 0.0, 0.0, 0.0, 0.0, 0.0, 0.0, 0.0, 0.0, 0.0, 0.0, 0.0, 0.0, 0.0, 0.0, 0.0, 0.0, 0.0, 0.0, 0.0, 0.0, 0.0, 0.0, 0.0, 0.0, 0.0, 0.0]]];
t = [[99999999.0, 10.453078747333198, 6.089966735588932, 5.531098348597681, 9.204241819282629, 13.127382247438756, 6.144426128584714, 11.369570447795077, 5.321924501835663, 7.8383059647491375, 12.49954882616047, 8.439982259797416, 12.305094735579234, 13.62309999545091, 5.428716641234256, 12.122650810408285, 12.611917740106474, 11.669639352532105, 7.488466430845588, 8.000340741584484, 11.938693857105829, 14.41595691287538, 12.144642883806, 7.003545614938398, 7.6386685512708175, 11.201123981661656, 13.28739464504703, 6.8694335178939445, 12.741044387190664, 12.365044820527888], [10.453078747333198, 99999999.0, 8.425057753002427, 13.682466172178838, 9.361116958438723, 7.975911214542547, 9.859613099332794, 14.924776782783644, 8.434612566064908, 11.236959838134693, 10.6873311842991, 9.628074923268402, 12.984626220948737, 11.87881677107588, 11.910793927351815, 9.406158170976259, 11.300199530578968, 6.367875737592302, 14.2095185562497, 10.167731741257857, 7.828054682471391, 7.694964863677544, 13.492582882096386, 9.543713598164736, 7.625433750872531, 12.730762270384899, 14.937719401547987, 7.5777167991814, 14.430552327886485, 5.419510550094261], [6.089966735588932, 8.425057753002427, 99999999.0, 8.577035148436071, 12.956913070016396, 5.948397139185682, 5.441893903736153, 5.536221975760679, 8.687773664745784, 12.13459847697108, 8.150980822686577, 14.089457215178772, 5.383863260092559, 13.621064636186587, 11.676198012970666, 7.412444196551368, 7.737332171471212, 13.38923643730948, 8.892826930533236, 12.443403314092741, 10.137369151772557, 11.507972199230649, 11.30860139887153, 10.892691583289372, 14.6062125978119, 11.837239973211526, 6.154711247949129, 7.18402939937195, 10.131340151555666, 9.336878109543012], [5.531098348597681, 13.682466172178838, 8.577035148436071, 99999999.0, 11.818250125186612, 7.656971326581205, 6.687461989924879, 5.652003843090573, 11.30654891762375, 5.181053364598217, 12.49230900951398, 5.105738408624275, 12.294364412650406, 11.383600182462997, 7.096660741849804, 6.609766150999255, 10.70057008504941, 13.32625139893206, 6.406420014488522, 12.631530835145766, 9.707016417107265, 14.386453310311806, 9.211353050022067, 7.404709263471969, 9.928143799293238, 14.063831459482515, 13.770930206304499, 13.48143550140811, 6.048799211249607, 9.467204785646826], [9.204241819282629, 9.361116958438723, 12.956913070016396, 11.818250125186612, 99999999.0, 8.186108470735839, 14.491528692740687, 13.202248758506293, 8.042350495327359, 10.348058280886656, 11.416205333075311, 11.29590136367085, 5.73711446339731, 9.369423707521904, 5.3847271228783375, 5.426730741304382, 12.669921051297274, 10.500467407503212, 7.297695777758612, 11.378956058312506, 9.90153905070819, 9.089346926102792, 14.00731537240086, 12.14453075200881, 7.591742550446687, 10.931543513948386, 13.09176755221638, 7.1795201456154665, 8.82845489697236, 12.328104716970993], [13.127382247438756, 7.975911214542547, 5.948397139185682, 7.656971326581205, 8.186108470735839, 99999999.0, 11.686808736673846, 6.99360920595728, 8.660961406089555, 5.971922311480668, 13.2819588361508, 9.725338780492743, 11.77249094432526, 14.864184495440147, 14.870785980075475, 9.858026943263367, 12.590007118473086, 9.255147105406753, 5.600895374945452, 6.059934247469902, 12.988774633869422, 9.651814992444132, 8.161678421698234, 5.741217355944887, 8.381310484064958, 6.3992279301556865, 9.556082951628579, 12.980599181459908, 9.882144198558908, 11.51822131912285], [6.144426128584714, 9.859613099332794, 5.441893903736153, 6.687461989924879, 14.491528692740687, 11.686808736673846, 99999999.0, 8.524834231194694, 7.620286410303007, 13.727582937090592, 14.075642789032157, 8.301619979809686, 11.684311425094318, 13.258057828009346, 14.412954102833782, 5.038687276534191, 8.669510525333783, 6.5942013797559795, 13.739734296395254, 13.996244692171876, 11.183393451859764, 6.269106514673578, 12.970079687726269, 9.820890609866893, 12.734670244235993, 14.878635042702747, 7.031908278972133, 9.823959864461035, 14.453920989575078, 14.974854297701937], [11.369570447795077, 14.924776782783644, 5.536221975760679, 5.652003843090573, 13.202248758506293, 6.99360920595728, 8.524834231194694, 99999999.0, 12.794536406698906, 6.274809792562769, 8.481285278736177, 14.513339401555333, 14.037765133780605, 8.652249379730499, 9.768845734403449, 12.811270223661287, 6.400449263831602, 11.10228052202389, 5.65966705649398, 11.66503027768731, 8.807406363448322, 13.274964847053697, 11.876878586049259, 14.585195692299918, 8.542311517845711, 9.171640651589001, 10.898214019422454, 13.634402823761171, 14.208508180594384, 7.349936519158583], [5.321924501835663, 8.434612566064908, 8.687773664745784, 11.30654891762375, 8.042350495327359, 8.660961406089555, 7.620286410303007, 12.794536406698906, 99999999.0, 6.1996678986343206, 11.70605276063073, 13.868436168029131, 14.698299895238366, 6.850524461858882, 14.598250630047671, 10.688235651184176, 12.20851419035365, 12.564683191827246, 10.289678108535737, 13.92362672587677, 14.107344273306804, 8.761650100121408, 10.259897636307583, 12.203748706632776, 14.538883175682669, 6.348493503595608, 7.492582381601203, 8.629510571968218, 9.05851693269538, 6.706438883296241], [7.8383059647491375, 11.236959838134693, 12.13459847697108, 5.181053364598217, 10.348058280886656, 5.971922311480668, 13.727582937090592, 6.274809792562769, 6.1996678986343206, 99999999.0, 12.482494638244503, 12.636920401880356, 7.130351060088458, 6.96334691164118, 14.047281841831166, 8.854510408843733, 5.88423205162605, 12.694689040847315, 7.318067148928659, 6.611677913744824, 11.827407547938162, 9.931225524848406, 13.633938557439302, 14.840854168844768, 5.6493373260279265, 10.486700071901216, 11.036597138924977, 9.604022823283481, 7.806733093721656, 13.215049882930423], [12.49954882616047, 10.6873311842991, 8.150980822686577, 12.49230900951398, 11.416205333075311, 13.2819588361508, 14.075642789032157, 8.481285278736177, 11.70605276063073, 12.482494638244503, 99999999.0, 10.280935928585428, 5.16664760991426, 7.375638575889749, 6.521053651830329, 12.977443252646948, 13.0110018214164, 6.240350442684573, 7.748119469044454, 14.294194959541679, 5.6090949335518, 13.61147259653001, 12.580664863476578, 13.781075828354322, 5.735023735016696, 14.023065614328365, 5.381404598258009, 8.182340569452016, 14.813938253800703, 8.812717402338698], [8.439982259797416, 9.628074923268402, 14.089457215178772, 5.105738408624275, 11.29590136367085, 9.725338780492743, 8.301619979809686, 14.513339401555333, 13.868436168029131, 12.636920401880356, 10.280935928585428, 99999999.0, 7.740480361038827, 13.793188949472272, 10.244379018664137, 7.081731483817549, 7.304314553586893, 13.166720282380073, 8.771565885883184, 6.621816953210425, 7.307087854769673, 10.582267295048645, 9.101761175756845, 7.497943361368594, 11.153076921774733, 11.07818329206381, 14.327781114865264, 12.221785337971568, 6.3795984796809595, 7.459447002868243], [12.305094735579234, 12.984626220948737, 5.383863260092559, 12.294364412650406, 5.73711446339731, 11.77249094432526, 11.684311425094318, 14.037765133780605, 14.698299895238366, 7.130351060088458, 5.16664760991426, 7.740480361038827, 99999999.0, 14.544395624228269, 11.719872089371332, 8.793494798412183, 13.720430322594705, 12.677144333479951, 11.993326964201882, 13.695626522088608, 14.958233046565104, 5.684805691197143, 8.543307648493935, 8.632533962889635, 11.825027307066172, 11.860511437227323, 9.45094879069092, 6.730320986106055, 5.665277745763654, 13.137243259730095], [13.62309999545091, 11.87881677107588, 13.621064636186587, 11.383600182462997, 9.369423707521904, 14.864184495440147, 13.258057828009346, 8.652249379730499, 6.850524461858882, 6.96334691164118, 7.375638575889749, 13.793188949472272, 14.544395624228269, 99999999.0, 6.327257712302217, 7.0394469400032476, 12.870743049861202, 5.9257584739100615, 12.087205114639817, 5.089043053532752, 7.186003200462161, 13.09808876668024, 10.851517492576972, 6.020252161704249, 10.376983043330366, 10.606380111491985, 10.604139638301945, 5.11373977509689, 12.75326259419049, 14.802870928142251], [5.428716641234256, 11.910793927351815, 11.676198012970666, 7.096660741849804, 5.3847271228783375, 14.870785980075475, 14.412954102833782, 9.768845734403449, 14.598250630047671, 14.047281841831166, 6.521053651830329, 10.244379018664137, 11.719872089371332, 6.327257712302217, 99999999.0, 11.685620672338526, 10.596107661450201, 12.616157363908009, 12.658521566889513, 7.123001341858313, 9.856191274732133, 11.061981284411281, 11.278549954519415, 8.426287758524985, 5.727286050868813, 6.129736283242985, 10.112297565585724, 10.585971137822057, 13.814419457969084, 12.966026514537289], [12.122650810408285, 9.406158170976259, 7.412444196551368, 6.609766150999255, 5.426730741304382, 9.858026943263367, 5.038687276534191, 12.811270223661287, 10.688235651184176, 8.854510408843733, 12.977443252646948, 7.081731483817549, 8.793494798412183, 7.0394469400032476, 11.685620672338526, 99999999.0, 11.061497570294264, 10.323125851796366, 11.152646899257864, 8.747215329309675, 10.908127590647958, 11.881764188163656, 8.271430586064408, 7.574068791176414, 5.088387658388077, 14.207435342974756, 13.040716936613897, 8.205196737167908, 13.979224594637765, 10.348281618105162], [12.611917740106474, 11.300199530578968, 7.737332171471212, 10.70057008504941, 12.669921051297274, 12.590007118473086, 8.669510525333783, 6.400449263831602, 12.20851419035365, 5.88423205162605, 13.0110018214164, 7.304314553586893, 13.720430322594705, 12.870743049861202, 10.596107661450201, 11.061497570294264, 99999999.0, 5.454435154756592, 6.158782776887, 7.575342577377593, 9.736776106312787, 12.051483540439284, 11.315577845776176, 13.288128322959707, 11.012508964124468, 12.476229202303102, 6.840403680943633, 6.763114369589548, 12.043026981033421, 10.81313016399266], [11.669639352532105, 6.367875737592302, 13.38923643730948, 13.32625139893206, 10.500467407503212, 9.255147105406753, 6.5942013797559795, 11.10228052202389, 12.564683191827246, 12.694689040847315, 6.240350442684573, 13.166720282380073, 12.677144333479951, 5.9257584739100615, 12.616157363908009, 10.323125851796366, 5.454435154756592, 99999999.0, 5.04581490010095, 13.03994780295551, 9.573138121580376, 11.591073173205995, 10.33343321230393, 13.237445778687004, 11.80668874606618, 6.890217389475596, 14.329072648099347, 6.370812974071062, 8.40985733415694, 11.612978436294085], [7.488466430845588, 14.2095185562497, 8.892826930533236, 6.406420014488522, 7.297695777758612, 5.600895374945452, 13.739734296395254, 5.65966705649398, 10.289678108535737, 7.318067148928659, 7.748119469044454, 8.771565885883184, 11.993326964201882, 12.087205114639817, 12.658521566889513, 11.152646899257864, 6.158782776887, 5.04581490010095, 99999999.0, 11.059108969693654, 6.063567843037091, 6.327412668951612, 13.73244565927966, 8.525637378709494, 10.510757645686375, 14.265345997434457, 7.835187999982823, 9.616373313656972, 11.808939938635719, 5.105577330387706], [8.000340741584484, 10.167731741257857, 12.443403314092741, 12.631530835145766, 11.378956058312506, 6.059934247469902, 13.996244692171876, 11.66503027768731, 13.92362672587677, 6.611677913744824, 14.294194959541679, 6.621816953210425, 13.695626522088608, 5.089043053532752, 7.123001341858313, 8.747215329309675, 7.575342577377593, 13.03994780295551, 11.059108969693654, 99999999.0, 13.020971839137337, 13.318944378006947, 5.82383848606864, 9.566978508929289, 12.755681868641906, 9.927342902768938, 14.738427648544114, 9.335537961953415, 9.801568412631823, 6.553060582129873], [11.938693857105829, 7.828054682471391, 10.137369151772557, 9.707016417107265, 9.90153905070819, 12.988774633869422, 11.183393451859764, 8.807406363448322, 14.107344273306804, 11.827407547938162, 5.6090949335518, 7.307087854769673, 14.958233046565104, 7.186003200462161, 9.856191274732133, 10.908127590647958, 9.736776106312787, 9.573138121580376, 6.063567843037091, 13.020971839137337, 99999999.0, 7.450776946507192, 14.416391169268813, 14.052393297939613, 13.349006946087696, 10.13873693942003, 13.34528635497859, 9.665537289418438, 13.156733409434416, 13.344340900981797], [14.41595691287538, 7.694964863677544, 11.507972199230649, 14.386453310311806, 9.089346926102792, 9.651814992444132, 6.269106514673578, 13.274964847053697, 8.761650100121408, 9.931225524848406, 13.61147259653001, 10.582267295048645, 5.684805691197143, 13.09808876668024, 11.061981284411281, 11.881764188163656, 12.051483540439284, 11.591073173205995, 6.327412668951612, 13.318944378006947, 7.450776946507192, 99999999.0, 8.521869886939154, 13.22691341057065, 12.568366847316737, 6.416752723065176, 14.275253347659252, 7.618834987770554, 8.709472909420995, 9.566386131067805], [12.144642883806, 13.492582882096386, 11.30860139887153, 9.211353050022067, 14.00731537240086, 8.161678421698234, 12.970079687726269, 11.876878586049259, 10.259897636307583, 13.633938557439302, 12.580664863476578, 9.101761175756845, 8.543307648493935, 10.851517492576972, 11.278549954519415, 8.271430586064408, 11.315577845776176, 10.33343321230393, 13.73244565927966, 5.82383848606864, 14.416391169268813, 8.521869886939154, 99999999.0, 14.433397529642, 14.484980572535422, 9.288515521695752, 10.321728034181973, 5.233759152008259, 5.200725238187295, 12.356371613188463], [7.003545614938398, 9.543713598164736, 10.892691583289372, 7.404709263471969, 12.14453075200881, 5.741217355944887, 9.820890609866893, 14.585195692299918, 12.203748706632776, 14.840854168844768, 13.781075828354322, 7.497943361368594, 8.632533962889635, 6.020252161704249, 8.426287758524985, 7.574068791176414, 13.288128322959707, 13.237445778687004, 8.525637378709494, 9.566978508929289, 14.052393297939613, 13.22691341057065, 14.433397529642, 99999999.0, 6.392331575366477, 13.517425302550315, 11.832555485916192, 10.40036788578891, 5.818613670840275, 9.696534799975929], [7.6386685512708175, 7.625433750872531, 14.6062125978119, 9.928143799293238, 7.591742550446687, 8.381310484064958, 12.734670244235993, 8.542311517845711, 14.538883175682669, 5.6493373260279265, 5.735023735016696, 11.153076921774733, 11.825027307066172, 10.376983043330366, 5.727286050868813, 5.088387658388077, 11.012508964124468, 11.80668874606618, 10.510757645686375, 12.755681868641906, 13.349006946087696, 12.568366847316737, 14.484980572535422, 6.392331575366477, 99999999.0, 11.534516572574645, 8.85514409323737, 11.847706758814624, 13.04934567940019, 14.039346645435913], [11.201123981661656, 12.730762270384899, 11.837239973211526, 14.063831459482515, 10.931543513948386, 6.3992279301556865, 14.878635042702747, 9.171640651589001, 6.348493503595608, 10.486700071901216, 14.023065614328365, 11.07818329206381, 11.860511437227323, 10.606380111491985, 6.129736283242985, 14.207435342974756, 12.476229202303102, 6.890217389475596, 14.265345997434457, 9.927342902768938, 10.13873693942003, 6.416752723065176, 9.288515521695752, 13.517425302550315, 11.534516572574645, 99999999.0, 13.428292371876232, 5.969527228140433, 9.53485416721846, 6.051125749610497], [13.28739464504703, 14.937719401547987, 6.154711247949129, 13.770930206304499, 13.09176755221638, 9.556082951628579, 7.031908278972133, 10.898214019422454, 7.492582381601203, 11.036597138924977, 5.381404598258009, 14.327781114865264, 9.45094879069092, 10.604139638301945, 10.112297565585724, 13.040716936613897, 6.840403680943633, 14.329072648099347, 7.835187999982823, 14.738427648544114, 13.34528635497859, 14.275253347659252, 10.321728034181973, 11.832555485916192, 8.85514409323737, 13.428292371876232, 99999999.0, 9.94002825622527, 13.848193128359629, 12.035598605147847], [6.8694335178939445, 7.5777167991814, 7.18402939937195, 13.48143550140811, 7.1795201456154665, 12.980599181459908, 9.823959864461035, 13.634402823761171, 8.629510571968218, 9.604022823283481, 8.182340569452016, 12.221785337971568, 6.730320986106055, 5.11373977509689, 10.585971137822057, 8.205196737167908, 6.763114369589548, 6.370812974071062, 9.616373313656972, 9.335537961953415, 9.665537289418438, 7.618834987770554, 5.233759152008259, 10.40036788578891, 11.847706758814624, 5.969527228140433, 9.94002825622527, 99999999.0, 10.50139885457367, 6.8285654963808735], [12.741044387190664, 14.430552327886485, 10.131340151555666, 6.048799211249607, 8.82845489697236, 9.882144198558908, 14.453920989575078, 14.208508180594384, 9.05851693269538, 7.806733093721656, 14.813938253800703, 6.3795984796809595, 5.665277745763654, 12.75326259419049, 13.814419457969084, 13.979224594637765, 12.043026981033421, 8.40985733415694, 11.808939938635719, 9.801568412631823, 13.156733409434416, 8.709472909420995, 5.200725238187295, 5.818613670840275, 13.04934567940019, 9.53485416721846, 13.848193128359629, 10.50139885457367, 99999999.0, 13.303235813539446], [12.365044820527888, 5.419510550094261, 9.336878109543012, 9.467204785646826, 12.328104716970993, 11.51822131912285, 14.974854297701937, 7.349936519158583, 6.706438883296241, 13.215049882930423, 8.812717402338698, 7.459447002868243, 13.137243259730095, 14.802870928142251, 12.966026514537289, 10.348281618105162, 10.81313016399266, 11.612978436294085, 5.105577330387706, 6.553060582129873, 13.344340900981797, 9.566386131067805, 12.356371613188463, 9.696534799975929, 14.039346645435913, 6.051125749610497, 12.035598605147847, 6.8285654963808735, 13.303235813539446, 99999999.0]];
