M = 99999999.0;
numWorkers = 25;
numRoles = 4;
numNodes = 30;
wStart = [0, 324.1255084186449, 157.9307137392086, 337.2671568689702, 82.71689951813468, 58.95043596342904, 358.91203408322616, 277.4865544841491, 298.849071942757, 25.474403468634787, 318.51882197812023, 34.842974659167425, 105.66326711606075, 39.56220543722613, 73.05284749682535, 171.8736470976278, 28.629520008149253, 152.68531984496482, 27.40905811740557, 331.7297433910791, 69.00113241857973, 358.6670230697561, 410.1614192208928, 180.06155854829024, 397.67568770087473, 64.52556265431913, 162.77705876334278, 348.1131710917295, 139.06607723318572, 0];
wEnd = [0, 358.14383560050436, 195.441349402796, 367.09173841092155, 116.75380571646622, 90.35272930522592, 385.57085955106254, 304.41641826019315, 338.0628461440014, 63.184482387358244, 353.69529958207437, 65.72779587323494, 141.1440737661237, 75.76683986580264, 100.92492298595045, 207.25750704423388, 62.910145129664485, 179.42560786482161, 61.980370286754315, 364.99892718099534, 97.09743707384477, 387.4295370915882, 441.51045689233234, 207.82275744132434, 429.99190246713954, 99.25724882824218, 193.6636605509862, 376.15025550887106, 176.87067593779244, 450];
p = [0, 14.782995724403456, 19.002788629450322, 11.224755836722478, 21.723360691043244, 11.167354070000487, 14.732442428816977, 7.158500844423078, 19.713259360424733, 24.452031638053757, 17.737555452357196, 13.382989409247129, 15.877281975376334, 9.866360548181333, 14.523037275884064, 22.52538845331599, 20.903866747060544, 13.469194922193664, 9.89370406142537, 13.360511014669719, 14.221467273126382, 18.25062728860424, 16.03134148893638, 9.492203325806223, 15.542927326378722, 18.45717675903634, 17.5859157477141, 14.244954785913752, 21.058084214147307, 0];
e = [[1, 0, 0, 1], [0, 1, 1, 0], [1, 1, 0, 0], [1, 1, 0, 0], [1, 0, 0, 1], [1, 0, 0, 1], [0, 1, 0, 1], [0, 1, 1, 0], [1, 0, 1, 0], [0, 1, 0, 1], [0, 1, 1, 0], [1, 1, 0, 0], [1, 1, 0, 0], [1, 0, 1, 0], [0, 0, 1, 1], [0, 0, 0, 1], [0, 1, 0, 0], [0, 0, 0, 1], [0, 0, 0, 1], [0, 0, 1, 0], [0, 0, 1, 0], [0, 0, 0, 1], [0, 0, 1, 0], [0, 0, 1, 0], [1, 0, 0, 0]];
d = [[1, 2, 2, 1, 1, 1, 0, 1, 1, 1, 1, 3, 2, 1, 1, 1, 2, 1, 3, 1, 1, 0, 3, 2, 3, 0, 1, 2], [1, 3, 0, 0, 1, 3, 1, 2, 1, 3, 1, 3, 1, 0, 2, 2, 1, 1, 0, 0, 1, 3, 0, 0, 2, 0, 4, 1], [2, 0, 3, 1, 2, 2, 2, 2, 1, 1, 2, 1, 1, 4, 2, 0, 3, 4, 4, 1, 1, 1, 0, 0, 2, 1, 0, 3], [1, 2, 1, 2, 0, 1, 0, 1, 1, 2, 1, 1, 2, 2, 2, 0, 1, 2, 1, 3, 2, 2, 2, 1, 1, 2, 1, 1]];
r = [752.8627122220962, 3598.7631510233086, 777.942573617412, 3820.0507883939413, 1032.9567153996409, 1649.7081889037415, 1276.4374211102984, 2347.1342311046797, 4352.141496804318, 2127.65541260227, 1352.6635161994416, 967.1786179078333, 893.4236335454551, 2786.315157652108, 4391.76771798592, 3404.9270645250526, 2229.7233840136046, 1828.461996275791, 728.262425591855, 842.067716647432, 1844.8664376613815, 2910.5377480571133, 597.3376253682959, 1186.066530877639, 1068.6123986743557, 996.3582008734021, 1531.1811863107632, 3182.6345506881835];
b = [[[0.0, 0.0, 0.0, 0.0, 0.0, 0.0, 0.0, 0.0, 0.0, 0.0, 0.0, 0.0, 0.0, 0.0, 0.0, 0.0, 0.0, 0.0, 0.0, 0.0, 0.0, 0.0, 0.0, 0.0, 0.0, 0.0, 0.0, 0.0], [0.0, 0.0, 0.0, 0.0, 0.0, 0.0, 0.0, 0.0, 0.0, 0.0, 0.0, 0.0, 0.0, 0.0, 0.0, 0.0, 0.0, 0.0, 0.0, 0.0, 0.0, 0.0, 0.0, 0.0, 0.0, 0.0, 0.0, 0.0], [0.0, 0.0, 0.0, 0.0, 0.0, 0.0, 0.0, 0.0, 0.0, 0.0, 0.0, 0.0, 0.0, 0.0, 0.0, 0.0, 0.0, 0.0, 0.0, 0.0, 0.0, 0.0, 0.0, 0.0, 0.0, 0.0, 0.0, 0.0], [0.0, 0.0, 0.0, 0.0, 0.0, 0.0, 0.0, 0.0, 0.0, 0.0, 0.0, 0.0, 0.0, 0.0, 0.0, 0.0, 0.0, 0.0, 0.0, 0.0, 0.0, 0.0, 0.0, 0.0, 0.0, 0.0, 0.0, 0.0]], [[0.0, 0.0, 0.0, 0.0, 0.0, 0.0, 0.0, 0.0, 0.0, 0.0, 0.0, 0.0, 0.0, 0.0, 0.0, 0.0, 0.0, 0.0, 0.0, 0.0, 0.0, 0.0, 0.0, 0.0, 0.0, 0.0, 0.0, 0.0], [0.0, 0.0, 0.0, 0.0, 0.0, 0.0, 0.0, 0.0, 0.0, 0.0, 0.0, 0.0, 0.0, 0.0, 0.0, 0.0, 0.0, 0.0, 0.0, 0.0, 0.0, 0.0, 0.0, 0.0, 0.0, 0.0, 0.0, 0.0], [0.0, 0.0, 0.0, 0.0, 0.0, 0.0, 0.0, 0.0, 0.0, 0.0, 0.0, 0.0, 0.0, 0.0, 0.0, 0.0, 0.0, 0.0, 0.0, 0.0, 0.0, 0.0, 0.0, 0.0, 0.0, 0.0, 0.0, 0.0], [0.0, 0.0, 0.0, 0.0, 0.0, 0.0, 0.0, 0.0, 0.0, 0.0, 0.0, 0.0, 0.0, 0.0, 0.0, 0.0, 0.0, 0.0, 0.0, 0.0, 0.0, 0.0, 0.0, 0.0, 0.0, 0.0, 0.0, 0.0]], [[0.0, 0.0, 0.0, 0.0, 0.0, 0.0, 0.0, 0.0, 0.0, 0.0, 0.0, 0.0, 0.0, 0.0, 0.0, 0.0, 0.0, 0.0, 0.0, 0.0, 0.0, 0.0, 0.0, 0.0, 0.0, 0.0, 0.0, 0.0], [0.0, 0.0, 0.0, 0.0, 0.0, 0.0, 0.0, 0.0, 0.0, 0.0, 0.0, 0.0, 0.0, 0.0, 0.0, 0.0, 0.0, 0.0, 0.0, 0.0, 0.0, 0.0, 0.0, 0.0, 0.0, 0.0, 0.0, 0.0], [0.0, 0.0, 0.0, 0.0, 0.0, 0.0, 0.0, 0.0, 0.0, 0.0, 0.0, 0.0, 0.0, 0.0, 0.0, 0.0, 0.0, 0.0, 0.0, 0.0, 0.0, 0.0, 0.0, 0.0, 0.0, 0.0, 0.0, 0.0], [0.0, 0.0, 0.0, 0.0, 0.0, 0.0, 0.0, 0.0, 0.0, 0.0, 0.0, 0.0, 0.0, 0.0, 0.0, 0.0, 0.0, 0.0, 0.0, 0.0, 0.0, 0.0, 0.0, 0.0, 0.0, 0.0, 0.0, 0.0]], [[0.0, 0.0, 0.0, 0.0, 0.0, 0.0, 0.0, 0.0, 0.0, 0.0, 0.0, 0.0, 0.0, 0.0, 0.0, 0.0, 0.0, 0.0, 0.0, 0.0, 0.0, 0.0, 0.0, 0.0, 0.0, 0.0, 0.0, 0.0], [0.0, 0.0, 0.0, 0.0, 0.0, 0.0, 0.0, 0.0, 0.0, 0.0, 0.0, 0.0, 0.0, 0.0, 0.0, 0.0, 0.0, 0.0, 0.0, 0.0, 0.0, 0.0, 0.0, 0.0, 0.0, 0.0, 0.0, 0.0], [0.0, 0.0, 0.0, 0.0, 0.0, 0.0, 0.0, 0.0, 0.0, 0.0, 0.0, 0.0, 0.0, 0.0, 0.0, 0.0, 0.0, 0.0, 0.0, 0.0, 0.0, 0.0, 0.0, 0.0, 0.0, 0.0, 0.0, 0.0], [0.0, 0.0, 0.0, 0.0, 0.0, 0.0, 0.0, 0.0, 0.0, 0.0, 0.0, 0.0, 0.0, 0.0, 0.0, 0.0, 0.0, 0.0, 0.0, 0.0, 0.0, 0.0, 0.0, 0.0, 0.0, 0.0, 0.0, 0.0]], [[0.0, 0.0, 0.0, 0.0, 0.0, 0.0, 0.0, 0.0, 0.0, 0.0, 0.0, 0.0, 0.0, 0.0, 0.0, 0.0, 0.0, 0.0, 0.0, 0.0, 0.0, 0.0, 0.0, 0.0, 0.0, 0.0, 0.0, 0.0], [0.0, 0.0, 0.0, 0.0, 0.0, 0.0, 0.0, 0.0, 0.0, 0.0, 0.0, 0.0, 0.0, 0.0, 0.0, 0.0, 0.0, 0.0, 0.0, 0.0, 0.0, 0.0, 0.0, 0.0, 0.0, 0.0, 0.0, 0.0], [0.0, 0.0, 0.0, 0.0, 0.0, 0.0, 0.0, 0.0, 0.0, 0.0, 0.0, 0.0, 0.0, 0.0, 0.0, 0.0, 0.0, 0.0, 0.0, 0.0, 0.0, 0.0, 0.0, 0.0, 0.0, 0.0, 0.0, 0.0], [0.0, 0.0, 0.0, 0.0, 0.0, 0.0, 0.0, 0.0, 0.0, 0.0, 0.0, 0.0, 0.0, 0.0, 0.0, 0.0, 0.0, 0.0, 0.0, 0.0, 0.0, 0.0, 0.0, 0.0, 0.0, 0.0, 0.0, 0.0]], [[0.0, 0.0, 0.0, 0.0, 0.0, 0.0, 0.0, 0.0, 0.0, 0.0, 0.0, 0.0, 0.0, 0.0, 0.0, 0.0, 0.0, 0.0, 0.0, 0.0, 0.0, 0.0, 0.0, 0.0, 0.0, 0.0, 0.0, 0.0], [0.0, 0.0, 0.0, 0.0, 0.0, 0.0, 0.0, 0.0, 0.0, 0.0, 0.0, 0.0, 0.0, 0.0, 0.0, 0.0, 0.0, 0.0, 0.0, 0.0, 0.0, 0.0, 0.0, 0.0, 0.0, 0.0, 0.0, 0.0], [0.0, 0.0, 0.0, 0.0, 0.0, 0.0, 0.0, 0.0, 0.0, 0.0, 0.0, 0.0, 0.0, 0.0, 0.0, 0.0, 0.0, 0.0, 0.0, 0.0, 0.0, 0.0, 0.0, 0.0, 0.0, 0.0, 0.0, 0.0], [0.0, 0.0, 0.0, 0.0, 0.0, 0.0, 0.0, 0.0, 0.0, 0.0, 0.0, 0.0, 0.0, 0.0, 0.0, 0.0, 0.0, 0.0, 0.0, 0.0, 0.0, 0.0, 0.0, 0.0, 0.0, 0.0, 0.0, 0.0]], [[0.0, 0.0, 0.0, 0.0, 0.0, 0.0, 0.0, 0.0, 0.0, 0.0, 0.0, 0.0, 0.0, 0.0, 0.0, 0.0, 0.0, 0.0, 0.0, 0.0, 0.0, 0.0, 0.0, 0.0, 0.0, 0.0, 0.0, 0.0], [0.0, 0.0, 0.0, 0.0, 0.0, 0.0, 0.0, 0.0, 0.0, 0.0, 0.0, 0.0, 0.0, 0.0, 0.0, 0.0, 0.0, 0.0, 0.0, 0.0, 0.0, 0.0, 0.0, 0.0, 0.0, 0.0, 0.0, 0.0], [0.0, 0.0, 0.0, 0.0, 0.0, 0.0, 0.0, 0.0, 0.0, 0.0, 0.0, 0.0, 0.0, 0.0, 0.0, 0.0, 0.0, 0.0, 0.0, 0.0, 0.0, 0.0, 0.0, 0.0, 0.0, 0.0, 0.0, 0.0], [0.0, 0.0, 0.0, 0.0, 0.0, 0.0, 0.0, 0.0, 0.0, 0.0, 0.0, 0.0, 0.0, 0.0, 0.0, 0.0, 0.0, 0.0, 0.0, 0.0, 0.0, 0.0, 0.0, 0.0, 0.0, 0.0, 0.0, 0.0]], [[0.0, 0.0, 0.0, 0.0, 0.0, 0.0, 0.0, 0.0, 0.0, 0.0, 0.0, 0.0, 0.0, 0.0, 0.0, 0.0, 0.0, 0.0, 0.0, 0.0, 0.0, 0.0, 0.0, 0.0, 0.0, 0.0, 0.0, 0.0], [0.0, 0.0, 0.0, 0.0, 0.0, 0.0, 0.0, 0.0, 0.0, 0.0, 0.0, 0.0, 0.0, 0.0, 0.0, 0.0, 0.0, 0.0, 0.0, 0.0, 0.0, 0.0, 0.0, 0.0, 0.0, 0.0, 0.0, 0.0], [0.0, 0.0, 0.0, 0.0, 0.0, 0.0, 0.0, 0.0, 0.0, 0.0, 0.0, 0.0, 0.0, 0.0, 0.0, 0.0, 0.0, 0.0, 0.0, 0.0, 0.0, 0.0, 0.0, 0.0, 0.0, 0.0, 0.0, 0.0], [0.0, 0.0, 0.0, 0.0, 0.0, 0.0, 0.0, 0.0, 0.0, 0.0, 0.0, 0.0, 0.0, 0.0, 0.0, 0.0, 0.0, 0.0, 0.0, 0.0, 0.0, 0.0, 0.0, 0.0, 0.0, 0.0, 0.0, 0.0]], [[0.0, 0.0, 0.0, 0.0, 0.0, 0.0, 0.0, 0.0, 0.0, 0.0, 0.0, 0.0, 0.0, 0.0, 0.0, 0.0, 0.0, 0.0, 0.0, 0.0, 0.0, 0.0, 0.0, 0.0, 0.0, 0.0, 0.0, 0.0], [0.0, 0.0, 0.0, 0.0, 0.0, 0.0, 0.0, 0.0, 0.0, 0.0, 0.0, 0.0, 0.0, 0.0, 0.0, 0.0, 0.0, 0.0, 0.0, 0.0, 0.0, 0.0, 0.0, 0.0, 0.0, 0.0, 0.0, 0.0], [0.0, 0.0, 0.0, 0.0, 0.0, 0.0, 0.0, 0.0, 0.0, 0.0, 0.0, 0.0, 0.0, 0.0, 0.0, 0.0, 0.0, 0.0, 0.0, 0.0, 0.0, 0.0, 0.0, 0.0, 0.0, 0.0, 0.0, 0.0], [0.0, 0.0, 0.0, 0.0, 0.0, 0.0, 0.0, 0.0, 0.0, 0.0, 0.0, 0.0, 0.0, 0.0, 0.0, 0.0, 0.0, 0.0, 0.0, 0.0, 0.0, 0.0, 0.0, 0.0, 0.0, 0.0, 0.0, 0.0]], [[0.0, 0.0, 0.0, 0.0, 0.0, 0.0, 0.0, 0.0, 0.0, 0.0, 0.0, 0.0, 0.0, 0.0, 0.0, 0.0, 0.0, 0.0, 0.0, 0.0, 0.0, 0.0, 0.0, 0.0, 0.0, 0.0, 0.0, 0.0], [0.0, 0.0, 0.0, 0.0, 0.0, 0.0, 0.0, 0.0, 0.0, 0.0, 0.0, 0.0, 0.0, 0.0, 0.0, 0.0, 0.0, 0.0, 0.0, 0.0, 0.0, 0.0, 0.0, 0.0, 0.0, 0.0, 0.0, 0.0], [0.0, 0.0, 0.0, 0.0, 0.0, 0.0, 0.0, 0.0, 0.0, 0.0, 0.0, 0.0, 0.0, 0.0, 0.0, 0.0, 0.0, 0.0, 0.0, 0.0, 0.0, 0.0, 0.0, 0.0, 0.0, 0.0, 0.0, 0.0], [0.0, 0.0, 0.0, 0.0, 0.0, 0.0, 0.0, 0.0, 0.0, 0.0, 0.0, 0.0, 0.0, 0.0, 0.0, 0.0, 0.0, 0.0, 0.0, 0.0, 0.0, 0.0, 0.0, 0.0, 0.0, 0.0, 0.0, 0.0]], [[0.0, 0.0, 0.0, 0.0, 0.0, 0.0, 0.0, 0.0, 0.0, 0.0, 0.0, 0.0, 0.0, 0.0, 0.0, 0.0, 0.0, 0.0, 0.0, 0.0, 0.0, 0.0, 0.0, 0.0, 0.0, 0.0, 0.0, 0.0], [0.0, 0.0, 0.0, 0.0, 0.0, 0.0, 0.0, 0.0, 0.0, 0.0, 0.0, 0.0, 0.0, 0.0, 0.0, 0.0, 0.0, 0.0, 0.0, 0.0, 0.0, 0.0, 0.0, 0.0, 0.0, 0.0, 0.0, 0.0], [0.0, 0.0, 0.0, 0.0, 0.0, 0.0, 0.0, 0.0, 0.0, 0.0, 0.0, 0.0, 0.0, 0.0, 0.0, 0.0, 0.0, 0.0, 0.0, 0.0, 0.0, 0.0, 0.0, 0.0, 0.0, 0.0, 0.0, 0.0], [0.0, 0.0, 0.0, 0.0, 0.0, 0.0, 0.0, 0.0, 0.0, 0.0, 0.0, 0.0, 0.0, 0.0, 0.0, 0.0, 0.0, 0.0, 0.0, 0.0, 0.0, 0.0, 0.0, 0.0, 0.0, 0.0, 0.0, 0.0]], [[0.0, 0.0, 0.0, 0.0, 0.0, 0.0, 0.0, 0.0, 0.0, 0.0, 0.0, 0.0, 0.0, 0.0, 0.0, 0.0, 0.0, 0.0, 0.0, 0.0, 0.0, 0.0, 0.0, 0.0, 0.0, 0.0, 0.0, 0.0], [0.0, 0.0, 0.0, 0.0, 0.0, 0.0, 0.0, 0.0, 0.0, 0.0, 0.0, 0.0, 0.0, 0.0, 0.0, 0.0, 0.0, 0.0, 0.0, 0.0, 0.0, 0.0, 0.0, 0.0, 0.0, 0.0, 0.0, 0.0], [0.0, 0.0, 0.0, 0.0, 0.0, 0.0, 0.0, 0.0, 0.0, 0.0, 0.0, 0.0, 0.0, 0.0, 0.0, 0.0, 0.0, 0.0, 0.0, 0.0, 0.0, 0.0, 0.0, 0.0, 0.0, 0.0, 0.0, 0.0], [0.0, 0.0, 0.0, 0.0, 0.0, 0.0, 0.0, 0.0, 0.0, 0.0, 0.0, 0.0, 0.0, 0.0, 0.0, 0.0, 0.0, 0.0, 0.0, 0.0, 0.0, 0.0, 0.0, 0.0, 0.0, 0.0, 0.0, 0.0]], [[0.0, 0.0, 0.0, 0.0, 0.0, 0.0, 0.0, 0.0, 0.0, 0.0, 0.0, 0.0, 0.0, 0.0, 0.0, 0.0, 0.0, 0.0, 0.0, 0.0, 0.0, 0.0, 0.0, 0.0, 0.0, 0.0, 0.0, 0.0], [0.0, 0.0, 0.0, 0.0, 0.0, 0.0, 0.0, 0.0, 0.0, 0.0, 0.0, 0.0, 0.0, 0.0, 0.0, 0.0, 0.0, 0.0, 0.0, 0.0, 0.0, 0.0, 0.0, 0.0, 0.0, 0.0, 0.0, 0.0], [0.0, 0.0, 0.0, 0.0, 0.0, 0.0, 0.0, 0.0, 0.0, 0.0, 0.0, 0.0, 0.0, 0.0, 0.0, 0.0, 0.0, 0.0, 0.0, 0.0, 0.0, 0.0, 0.0, 0.0, 0.0, 0.0, 0.0, 0.0], [0.0, 0.0, 0.0, 0.0, 0.0, 0.0, 0.0, 0.0, 0.0, 0.0, 0.0, 0.0, 0.0, 0.0, 0.0, 0.0, 0.0, 0.0, 0.0, 0.0, 0.0, 0.0, 0.0, 0.0, 0.0, 0.0, 0.0, 0.0]], [[0.0, 0.0, 0.0, 0.0, 0.0, 0.0, 0.0, 0.0, 0.0, 0.0, 0.0, 0.0, 0.0, 0.0, 0.0, 0.0, 0.0, 0.0, 0.0, 0.0, 0.0, 0.0, 0.0, 0.0, 0.0, 0.0, 0.0, 0.0], [0.0, 0.0, 0.0, 0.0, 0.0, 0.0, 0.0, 0.0, 0.0, 0.0, 0.0, 0.0, 0.0, 0.0, 0.0, 0.0, 0.0, 0.0, 0.0, 0.0, 0.0, 0.0, 0.0, 0.0, 0.0, 0.0, 0.0, 0.0], [0.0, 0.0, 0.0, 0.0, 0.0, 0.0, 0.0, 0.0, 0.0, 0.0, 0.0, 0.0, 0.0, 0.0, 0.0, 0.0, 0.0, 0.0, 0.0, 0.0, 0.0, 0.0, 0.0, 0.0, 0.0, 0.0, 0.0, 0.0], [0.0, 0.0, 0.0, 0.0, 0.0, 0.0, 0.0, 0.0, 0.0, 0.0, 0.0, 0.0, 0.0, 0.0, 0.0, 0.0, 0.0, 0.0, 0.0, 0.0, 0.0, 0.0, 0.0, 0.0, 0.0, 0.0, 0.0, 0.0]], [[0.0, 0.0, 0.0, 0.0, 0.0, 0.0, 0.0, 0.0, 0.0, 0.0, 0.0, 0.0, 0.0, 0.0, 0.0, 0.0, 0.0, 0.0, 0.0, 0.0, 0.0, 0.0, 0.0, 0.0, 0.0, 0.0, 0.0, 0.0], [0.0, 0.0, 0.0, 0.0, 0.0, 0.0, 0.0, 0.0, 0.0, 0.0, 0.0, 0.0, 0.0, 0.0, 0.0, 0.0, 0.0, 0.0, 0.0, 0.0, 0.0, 0.0, 0.0, 0.0, 0.0, 0.0, 0.0, 0.0], [0.0, 0.0, 0.0, 0.0, 0.0, 0.0, 0.0, 0.0, 0.0, 0.0, 0.0, 0.0, 0.0, 0.0, 0.0, 0.0, 0.0, 0.0, 0.0, 0.0, 0.0, 0.0, 0.0, 0.0, 0.0, 0.0, 0.0, 0.0], [0.0, 0.0, 0.0, 0.0, 0.0, 0.0, 0.0, 0.0, 0.0, 0.0, 0.0, 0.0, 0.0, 0.0, 0.0, 0.0, 0.0, 0.0, 0.0, 0.0, 0.0, 0.0, 0.0, 0.0, 0.0, 0.0, 0.0, 0.0]], [[0.0, 0.0, 0.0, 0.0, 0.0, 0.0, 0.0, 0.0, 0.0, 0.0, 0.0, 0.0, 0.0, 0.0, 0.0, 0.0, 0.0, 0.0, 0.0, 0.0, 0.0, 0.0, 0.0, 0.0, 0.0, 0.0, 0.0, 0.0], [0.0, 0.0, 0.0, 0.0, 0.0, 0.0, 0.0, 0.0, 0.0, 0.0, 0.0, 0.0, 0.0, 0.0, 0.0, 0.0, 0.0, 0.0, 0.0, 0.0, 0.0, 0.0, 0.0, 0.0, 0.0, 0.0, 0.0, 0.0], [0.0, 0.0, 0.0, 0.0, 0.0, 0.0, 0.0, 0.0, 0.0, 0.0, 0.0, 0.0, 0.0, 0.0, 0.0, 0.0, 0.0, 0.0, 0.0, 0.0, 0.0, 0.0, 0.0, 0.0, 0.0, 0.0, 0.0, 0.0], [0.0, 0.0, 0.0, 0.0, 0.0, 0.0, 0.0, 0.0, 0.0, 0.0, 0.0, 0.0, 0.0, 0.0, 0.0, 0.0, 0.0, 0.0, 0.0, 0.0, 0.0, 0.0, 0.0, 0.0, 0.0, 0.0, 0.0, 0.0]], [[0.0, 0.0, 0.0, 0.0, 0.0, 0.0, 0.0, 0.0, 0.0, 0.0, 0.0, 0.0, 0.0, 0.0, 0.0, 0.0, 0.0, 0.0, 0.0, 0.0, 0.0, 0.0, 0.0, 0.0, 0.0, 0.0, 0.0, 0.0], [0.0, 0.0, 0.0, 0.0, 0.0, 0.0, 0.0, 0.0, 0.0, 0.0, 0.0, 0.0, 0.0, 0.0, 0.0, 0.0, 0.0, 0.0, 0.0, 0.0, 0.0, 0.0, 0.0, 0.0, 0.0, 0.0, 0.0, 0.0], [0.0, 0.0, 0.0, 0.0, 0.0, 0.0, 0.0, 0.0, 0.0, 0.0, 0.0, 0.0, 0.0, 0.0, 0.0, 0.0, 0.0, 0.0, 0.0, 0.0, 0.0, 0.0, 0.0, 0.0, 0.0, 0.0, 0.0, 0.0], [0.0, 0.0, 0.0, 0.0, 0.0, 0.0, 0.0, 0.0, 0.0, 0.0, 0.0, 0.0, 0.0, 0.0, 0.0, 0.0, 0.0, 0.0, 0.0, 0.0, 0.0, 0.0, 0.0, 0.0, 0.0, 0.0, 0.0, 0.0]], [[0.0, 0.0, 0.0, 0.0, 0.0, 0.0, 0.0, 0.0, 0.0, 0.0, 0.0, 0.0, 0.0, 0.0, 0.0, 0.0, 0.0, 0.0, 0.0, 0.0, 0.0, 0.0, 0.0, 0.0, 0.0, 0.0, 0.0, 0.0], [0.0, 0.0, 0.0, 0.0, 0.0, 0.0, 0.0, 0.0, 0.0, 0.0, 0.0, 0.0, 0.0, 0.0, 0.0, 0.0, 0.0, 0.0, 0.0, 0.0, 0.0, 0.0, 0.0, 0.0, 0.0, 0.0, 0.0, 0.0], [0.0, 0.0, 0.0, 0.0, 0.0, 0.0, 0.0, 0.0, 0.0, 0.0, 0.0, 0.0, 0.0, 0.0, 0.0, 0.0, 0.0, 0.0, 0.0, 0.0, 0.0, 0.0, 0.0, 0.0, 0.0, 0.0, 0.0, 0.0], [0.0, 0.0, 0.0, 0.0, 0.0, 0.0, 0.0, 0.0, 0.0, 0.0, 0.0, 0.0, 0.0, 0.0, 0.0, 0.0, 0.0, 0.0, 0.0, 0.0, 0.0, 0.0, 0.0, 0.0, 0.0, 0.0, 0.0, 0.0]], [[0.0, 0.0, 0.0, 0.0, 0.0, 0.0, 0.0, 0.0, 0.0, 0.0, 0.0, 0.0, 0.0, 0.0, 0.0, 0.0, 0.0, 0.0, 0.0, 0.0, 0.0, 0.0, 0.0, 0.0, 0.0, 0.0, 0.0, 0.0], [0.0, 0.0, 0.0, 0.0, 0.0, 0.0, 0.0, 0.0, 0.0, 0.0, 0.0, 0.0, 0.0, 0.0, 0.0, 0.0, 0.0, 0.0, 0.0, 0.0, 0.0, 0.0, 0.0, 0.0, 0.0, 0.0, 0.0, 0.0], [0.0, 0.0, 0.0, 0.0, 0.0, 0.0, 0.0, 0.0, 0.0, 0.0, 0.0, 0.0, 0.0, 0.0, 0.0, 0.0, 0.0, 0.0, 0.0, 0.0, 0.0, 0.0, 0.0, 0.0, 0.0, 0.0, 0.0, 0.0], [0.0, 0.0, 0.0, 0.0, 0.0, 0.0, 0.0, 0.0, 0.0, 0.0, 0.0, 0.0, 0.0, 0.0, 0.0, 0.0, 0.0, 0.0, 0.0, 0.0, 0.0, 0.0, 0.0, 0.0, 0.0, 0.0, 0.0, 0.0]], [[0.0, 0.0, 0.0, 0.0, 0.0, 0.0, 0.0, 0.0, 0.0, 0.0, 0.0, 0.0, 0.0, 0.0, 0.0, 0.0, 0.0, 0.0, 0.0, 0.0, 0.0, 0.0, 0.0, 0.0, 0.0, 0.0, 0.0, 0.0], [0.0, 0.0, 0.0, 0.0, 0.0, 0.0, 0.0, 0.0, 0.0, 0.0, 0.0, 0.0, 0.0, 0.0, 0.0, 0.0, 0.0, 0.0, 0.0, 0.0, 0.0, 0.0, 0.0, 0.0, 0.0, 0.0, 0.0, 0.0], [0.0, 0.0, 0.0, 0.0, 0.0, 0.0, 0.0, 0.0, 0.0, 0.0, 0.0, 0.0, 0.0, 0.0, 0.0, 0.0, 0.0, 0.0, 0.0, 0.0, 0.0, 0.0, 0.0, 0.0, 0.0, 0.0, 0.0, 0.0], [0.0, 0.0, 0.0, 0.0, 0.0, 0.0, 0.0, 0.0, 0.0, 0.0, 0.0, 0.0, 0.0, 0.0, 0.0, 0.0, 0.0, 0.0, 0.0, 0.0, 0.0, 0.0, 0.0, 0.0, 0.0, 0.0, 0.0, 0.0]], [[0.0, 0.0, 0.0, 0.0, 0.0, 0.0, 0.0, 0.0, 0.0, 0.0, 0.0, 0.0, 0.0, 0.0, 0.0, 0.0, 0.0, 0.0, 0.0, 0.0, 0.0, 0.0, 0.0, 0.0, 0.0, 0.0, 0.0, 0.0], [0.0, 0.0, 0.0, 0.0, 0.0, 0.0, 0.0, 0.0, 0.0, 0.0, 0.0, 0.0, 0.0, 0.0, 0.0, 0.0, 0.0, 0.0, 0.0, 0.0, 0.0, 0.0, 0.0, 0.0, 0.0, 0.0, 0.0, 0.0], [0.0, 0.0, 0.0, 0.0, 0.0, 0.0, 0.0, 0.0, 0.0, 0.0, 0.0, 0.0, 0.0, 0.0, 0.0, 0.0, 0.0, 0.0, 0.0, 0.0, 0.0, 0.0, 0.0, 0.0, 0.0, 0.0, 0.0, 0.0], [0.0, 0.0, 0.0, 0.0, 0.0, 0.0, 0.0, 0.0, 0.0, 0.0, 0.0, 0.0, 0.0, 0.0, 0.0, 0.0, 0.0, 0.0, 0.0, 0.0, 0.0, 0.0, 0.0, 0.0, 0.0, 0.0, 0.0, 0.0]], [[0.0, 0.0, 0.0, 0.0, 0.0, 0.0, 0.0, 0.0, 0.0, 0.0, 0.0, 0.0, 0.0, 0.0, 0.0, 0.0, 0.0, 0.0, 0.0, 0.0, 0.0, 0.0, 0.0, 0.0, 0.0, 0.0, 0.0, 0.0], [0.0, 0.0, 0.0, 0.0, 0.0, 0.0, 0.0, 0.0, 0.0, 0.0, 0.0, 0.0, 0.0, 0.0, 0.0, 0.0, 0.0, 0.0, 0.0, 0.0, 0.0, 0.0, 0.0, 0.0, 0.0, 0.0, 0.0, 0.0], [0.0, 0.0, 0.0, 0.0, 0.0, 0.0, 0.0, 0.0, 0.0, 0.0, 0.0, 0.0, 0.0, 0.0, 0.0, 0.0, 0.0, 0.0, 0.0, 0.0, 0.0, 0.0, 0.0, 0.0, 0.0, 0.0, 0.0, 0.0], [0.0, 0.0, 0.0, 0.0, 0.0, 0.0, 0.0, 0.0, 0.0, 0.0, 0.0, 0.0, 0.0, 0.0, 0.0, 0.0, 0.0, 0.0, 0.0, 0.0, 0.0, 0.0, 0.0, 0.0, 0.0, 0.0, 0.0, 0.0]], [[0.0, 0.0, 0.0, 0.0, 0.0, 0.0, 0.0, 0.0, 0.0, 0.0, 0.0, 0.0, 0.0, 0.0, 0.0, 0.0, 0.0, 0.0, 0.0, 0.0, 0.0, 0.0, 0.0, 0.0, 0.0, 0.0, 0.0, 0.0], [0.0, 0.0, 0.0, 0.0, 0.0, 0.0, 0.0, 0.0, 0.0, 0.0, 0.0, 0.0, 0.0, 0.0, 0.0, 0.0, 0.0, 0.0, 0.0, 0.0, 0.0, 0.0, 0.0, 0.0, 0.0, 0.0, 0.0, 0.0], [0.0, 0.0, 0.0, 0.0, 0.0, 0.0, 0.0, 0.0, 0.0, 0.0, 0.0, 0.0, 0.0, 0.0, 0.0, 0.0, 0.0, 0.0, 0.0, 0.0, 0.0, 0.0, 0.0, 0.0, 0.0, 0.0, 0.0, 0.0], [0.0, 0.0, 0.0, 0.0, 0.0, 0.0, 0.0, 0.0, 0.0, 0.0, 0.0, 0.0, 0.0, 0.0, 0.0, 0.0, 0.0, 0.0, 0.0, 0.0, 0.0, 0.0, 0.0, 0.0, 0.0, 0.0, 0.0, 0.0]], [[0.0, 0.0, 0.0, 0.0, 0.0, 0.0, 0.0, 0.0, 0.0, 0.0, 0.0, 0.0, 0.0, 0.0, 0.0, 0.0, 0.0, 0.0, 0.0, 0.0, 0.0, 0.0, 0.0, 0.0, 0.0, 0.0, 0.0, 0.0], [0.0, 0.0, 0.0, 0.0, 0.0, 0.0, 0.0, 0.0, 0.0, 0.0, 0.0, 0.0, 0.0, 0.0, 0.0, 0.0, 0.0, 0.0, 0.0, 0.0, 0.0, 0.0, 0.0, 0.0, 0.0, 0.0, 0.0, 0.0], [0.0, 0.0, 0.0, 0.0, 0.0, 0.0, 0.0, 0.0, 0.0, 0.0, 0.0, 0.0, 0.0, 0.0, 0.0, 0.0, 0.0, 0.0, 0.0, 0.0, 0.0, 0.0, 0.0, 0.0, 0.0, 0.0, 0.0, 0.0], [0.0, 0.0, 0.0, 0.0, 0.0, 0.0, 0.0, 0.0, 0.0, 0.0, 0.0, 0.0, 0.0, 0.0, 0.0, 0.0, 0.0, 0.0, 0.0, 0.0, 0.0, 0.0, 0.0, 0.0, 0.0, 0.0, 0.0, 0.0]], [[0.0, 0.0, 0.0, 0.0, 0.0, 0.0, 0.0, 0.0, 0.0, 0.0, 0.0, 0.0, 0.0, 0.0, 0.0, 0.0, 0.0, 0.0, 0.0, 0.0, 0.0, 0.0, 0.0, 0.0, 0.0, 0.0, 0.0, 0.0], [0.0, 0.0, 0.0, 0.0, 0.0, 0.0, 0.0, 0.0, 0.0, 0.0, 0.0, 0.0, 0.0, 0.0, 0.0, 0.0, 0.0, 0.0, 0.0, 0.0, 0.0, 0.0, 0.0, 0.0, 0.0, 0.0, 0.0, 0.0], [0.0, 0.0, 0.0, 0.0, 0.0, 0.0, 0.0, 0.0, 0.0, 0.0, 0.0, 0.0, 0.0, 0.0, 0.0, 0.0, 0.0, 0.0, 0.0, 0.0, 0.0, 0.0, 0.0, 0.0, 0.0, 0.0, 0.0, 0.0], [0.0, 0.0, 0.0, 0.0, 0.0, 0.0, 0.0, 0.0, 0.0, 0.0, 0.0, 0.0, 0.0, 0.0, 0.0, 0.0, 0.0, 0.0, 0.0, 0.0, 0.0, 0.0, 0.0, 0.0, 0.0, 0.0, 0.0, 0.0]]];
t = [[99999999.0, 11.5463731693358, 5.357630260463518, 13.288621667689977, 11.365376292972414, 11.15626108146106, 12.182845767232806, 11.272218304077875, 14.01874266154977, 11.26375480481369, 10.33123144479216, 14.886769643758155, 13.60896904234747, 12.802758652601046, 13.696380056730463, 11.496646587317501, 13.310550372102693, 12.145035965453271, 7.548752298732921, 5.990412541539466, 12.049173580134298, 11.684023147202357, 12.282000598592969, 13.983895478892487, 14.893692847661853, 9.9694164269971, 14.796849075672759, 13.161141846621975, 5.240078377430142, 10.624589301604326], [11.5463731693358, 99999999.0, 6.142496000325728, 11.4527445485387, 10.759360955446375, 7.546909072882625, 12.63706346434927, 5.492569348555901, 13.857623345020349, 11.000635108055222, 12.72041213183909, 10.363513996217122, 10.469755526328086, 8.455601080222308, 10.855496367058679, 14.365343038726406, 6.8101948720607535, 11.777897388872757, 9.207068425866186, 12.843515636964433, 11.109059874293342, 12.680218311775402, 7.814181442352766, 9.007247704413771, 11.364213480249553, 10.276294382163437, 11.511744811158131, 11.868932977652664, 10.487926635937828, 14.894691587291144], [5.357630260463518, 6.142496000325728, 99999999.0, 8.373826878232816, 10.129809154367937, 10.918816224677599, 7.022790923942173, 11.007231177724943, 7.9211326750278035, 6.862294970384244, 14.782318337354655, 10.484115986431656, 7.702948441550385, 10.407074046551728, 12.796913024687427, 11.933444269365706, 6.501618638141874, 9.359566945731405, 14.238657139618756, 7.376269720790626, 12.302677210319503, 9.861998167156848, 8.711249022806816, 12.856180038298325, 12.264128859400333, 6.169360730992812, 9.23488287239411, 13.542573642393856, 12.943337368952621, 11.639357060111923], [13.288621667689977, 11.4527445485387, 8.373826878232816, 99999999.0, 13.415500034877963, 6.449203461862992, 8.30605459428005, 14.459756859069664, 7.689356012741348, 11.716994727342763, 9.276997578771924, 12.873810259622601, 10.07413968738642, 6.5198127018906815, 7.823484971267791, 12.749235519318821, 13.299906982177568, 12.840071460802442, 14.227296515215897, 7.869308331391941, 13.90407453661891, 13.166641388423969, 11.773214628419153, 8.145036806273158, 7.559538564134661, 6.650896240856837, 6.481191935625362, 13.683558175726029, 10.617310899358658, 6.764274322653684], [11.365376292972414, 10.759360955446375, 10.129809154367937, 13.415500034877963, 99999999.0, 13.961875265934044, 12.53672052138683, 7.935928021425997, 5.65859826980744, 5.381797554162091, 6.641802790687384, 6.362191502834161, 5.892963988459402, 5.469654954914574, 5.974164893817468, 13.471376209485854, 5.583801143461566, 9.137126255075078, 5.615863514341824, 8.292792675285394, 11.037669685734668, 14.082445226387417, 7.799951310868424, 13.59187476449232, 11.591252999387823, 6.158495693179705, 10.54759740825391, 7.043265145535152, 11.217443398215408, 14.922707955677776], [11.15626108146106, 7.546909072882625, 10.918816224677599, 6.449203461862992, 13.961875265934044, 99999999.0, 11.75155946729637, 7.859246385167353, 14.659651252039081, 13.754562571933464, 6.1981197839233495, 6.404991427157183, 6.407468899890631, 6.958781687826291, 6.8524354044287055, 12.88782664827898, 12.621853883380336, 6.629229588255132, 7.309384052169161, 14.626590439864001, 10.538856400340025, 12.898898720572278, 9.563769395838886, 5.687823173036898, 12.069416524854626, 14.807958815962003, 9.463794727499165, 11.894269771462568, 7.940480381430498, 13.727375042316947], [12.182845767232806, 12.63706346434927, 7.022790923942173, 8.30605459428005, 12.53672052138683, 11.75155946729637, 99999999.0, 12.687055138241648, 9.475437568361267, 10.509299691262216, 6.080158048142272, 7.426718060167828, 12.663546720678806, 12.196384413037528, 13.889185090846437, 7.06248766227831, 5.7168497357460515, 8.740238150202059, 12.36646460654539, 9.444899426095818, 6.738550187613618, 11.62973998366965, 7.782701924633857, 12.148032273132454, 5.690453733802049, 9.000752124287569, 11.333097911427922, 14.832865131408369, 12.505462775236314, 13.786254525314883], [11.272218304077875, 5.492569348555901, 11.007231177724943, 14.459756859069664, 7.935928021425997, 7.859246385167353, 12.687055138241648, 99999999.0, 8.412245418049693, 10.704866878301871, 5.4141197640635275, 7.627699644549368, 9.147210296135636, 6.493838422108489, 8.426216322709848, 14.73632363045952, 9.321217652310267, 5.895483780720109, 13.198426273419543, 14.719930405009665, 14.479809322230583, 7.192808759449445, 10.334768902535737, 13.028038286661591, 5.56415945319591, 14.677261976936009, 13.294509960750961, 6.925886801933521, 11.91584933699314, 13.359905681369762], [14.01874266154977, 13.857623345020349, 7.9211326750278035, 7.689356012741348, 5.65859826980744, 14.659651252039081, 9.475437568361267, 8.412245418049693, 99999999.0, 13.930904518760492, 14.383943452098785, 9.79547157454933, 11.055319319008015, 11.959427278071104, 5.384448314934845, 12.982191016035083, 11.408781460122228, 9.228294688316316, 8.885782403507585, 13.884163712986606, 9.786721390720135, 12.495921409745346, 12.625383103148335, 8.567033535396659, 13.932757081486471, 10.429512410669401, 8.827041989599504, 10.579440345259188, 7.146447786200362, 8.126450833570594], [11.26375480481369, 11.000635108055222, 6.862294970384244, 11.716994727342763, 5.381797554162091, 13.754562571933464, 10.509299691262216, 10.704866878301871, 13.930904518760492, 99999999.0, 12.979015996158667, 6.373800295460761, 11.995738278457086, 8.11261233839325, 8.790659734610184, 9.218230986388845, 14.478674242725791, 14.569523976329268, 8.664751686414778, 11.421447597354529, 12.317467409428305, 9.45715531600904, 7.344966668173979, 9.131605555259284, 7.31648480567777, 9.246597367105089, 11.78719955888712, 12.988683637815832, 7.007055438458655, 7.789755486713582], [10.33123144479216, 12.72041213183909, 14.782318337354655, 9.276997578771924, 6.641802790687384, 6.1981197839233495, 6.080158048142272, 5.4141197640635275, 14.383943452098785, 12.979015996158667, 99999999.0, 9.355214885242086, 6.42829756771265, 12.995156709882334, 8.782940208878205, 6.060694609855561, 13.383208340327236, 5.8753142955869535, 14.46645190172993, 8.582531700880214, 7.4112814211856906, 6.943542889828031, 10.665348644883107, 10.326736858873033, 7.384186127960679, 14.871736198160846, 9.311003312543892, 5.000532489225609, 9.3583839990634, 10.144325159360378], [14.886769643758155, 10.363513996217122, 10.484115986431656, 12.873810259622601, 6.362191502834161, 6.404991427157183, 7.426718060167828, 7.627699644549368, 9.79547157454933, 6.373800295460761, 9.355214885242086, 99999999.0, 8.646209998856378, 9.957142242423416, 14.54683489405448, 6.551077307239208, 6.836343679494035, 5.390757642598567, 9.464988364489304, 6.330517390591689, 11.777236755542479, 13.663498047884426, 12.485147058717821, 8.284469419600175, 14.272244159718845, 10.639233274082173, 14.590758319084475, 8.011286541632963, 12.816790127016992, 12.44761478455018], [13.60896904234747, 10.469755526328086, 7.702948441550385, 10.07413968738642, 5.892963988459402, 6.407468899890631, 12.663546720678806, 9.147210296135636, 11.055319319008015, 11.995738278457086, 6.42829756771265, 8.646209998856378, 99999999.0, 8.16966783249514, 10.45612161979244, 13.403548112307849, 9.347448680342637, 11.073952978747739, 7.213342619129639, 10.243132023266757, 9.227374548951275, 14.452654349986107, 11.964616239359707, 13.481988438849639, 13.322227763023553, 11.76968159998068, 13.711687746311094, 6.555110499515927, 5.228177084869822, 10.913055432153714], [12.802758652601046, 8.455601080222308, 10.407074046551728, 6.5198127018906815, 5.469654954914574, 6.958781687826291, 12.196384413037528, 6.493838422108489, 11.959427278071104, 8.11261233839325, 12.995156709882334, 9.957142242423416, 8.16966783249514, 99999999.0, 11.240217899277187, 14.757553628895742, 10.675290178590757, 10.709136277299041, 12.029690891008936, 8.79090354446884, 7.593860273614706, 10.27677142710723, 13.744512491896039, 13.84696174510995, 9.592754012985658, 10.517532115480403, 6.131630418915822, 14.109499084718037, 14.808864911896158, 9.061285576343337], [13.696380056730463, 10.855496367058679, 12.796913024687427, 7.823484971267791, 5.974164893817468, 6.8524354044287055, 13.889185090846437, 8.426216322709848, 5.384448314934845, 8.790659734610184, 8.782940208878205, 14.54683489405448, 10.45612161979244, 11.240217899277187, 99999999.0, 5.74621967138742, 14.540603635412012, 8.173404995386962, 10.260129775103405, 8.20266575925304, 7.6950604627670325, 6.910607215797678, 14.26521257045064, 7.673084640713416, 5.966245919242436, 7.381939443590085, 12.191485104633589, 5.4628161615628255, 11.812395243594395, 14.60637549699518], [11.496646587317501, 14.365343038726406, 11.933444269365706, 12.749235519318821, 13.471376209485854, 12.88782664827898, 7.06248766227831, 14.73632363045952, 12.982191016035083, 9.218230986388845, 6.060694609855561, 6.551077307239208, 13.403548112307849, 14.757553628895742, 5.74621967138742, 99999999.0, 10.836534093577447, 7.433345752664973, 6.648894711973117, 13.060364184680529, 8.95044996455228, 13.148365065759016, 8.067602779121568, 8.454200949072376, 6.957280010340144, 5.752053536262328, 5.948410090660635, 9.718969126817417, 6.959851578537712, 13.053854418009909], [13.310550372102693, 6.8101948720607535, 6.501618638141874, 13.299906982177568, 5.583801143461566, 12.621853883380336, 5.7168497357460515, 9.321217652310267, 11.408781460122228, 14.478674242725791, 13.383208340327236, 6.836343679494035, 9.347448680342637, 10.675290178590757, 14.540603635412012, 10.836534093577447, 99999999.0, 12.91865083696594, 11.322077523497956, 8.892433570688809, 8.475188830063782, 5.63716245623464, 12.031376008321399, 7.602393740575017, 8.817109208019687, 13.08976251430391, 5.599432205772143, 11.081506018221768, 5.995078127985377, 12.428844146672567], [12.145035965453271, 11.777897388872757, 9.359566945731405, 12.840071460802442, 9.137126255075078, 6.629229588255132, 8.740238150202059, 5.895483780720109, 9.228294688316316, 14.569523976329268, 5.8753142955869535, 5.390757642598567, 11.073952978747739, 10.709136277299041, 8.173404995386962, 7.433345752664973, 12.91865083696594, 99999999.0, 10.195609794423369, 14.562062821847917, 10.459869963647943, 8.145945061200983, 5.277734571952478, 12.742318117133891, 5.719698653134644, 9.736301005811919, 6.340196548907172, 10.652234480209056, 12.768161798686126, 9.91007771891033], [7.548752298732921, 9.207068425866186, 14.238657139618756, 14.227296515215897, 5.615863514341824, 7.309384052169161, 12.36646460654539, 13.198426273419543, 8.885782403507585, 8.664751686414778, 14.46645190172993, 9.464988364489304, 7.213342619129639, 12.029690891008936, 10.260129775103405, 6.648894711973117, 11.322077523497956, 10.195609794423369, 99999999.0, 11.13369117158129, 11.623111825195508, 12.892345284511999, 13.066097427917398, 10.135713472226618, 7.148999959084659, 7.143498537875548, 9.917307320979695, 11.029484080065869, 10.182688976924545, 5.9976935566055465], [5.990412541539466, 12.843515636964433, 7.376269720790626, 7.869308331391941, 8.292792675285394, 14.626590439864001, 9.444899426095818, 14.719930405009665, 13.884163712986606, 11.421447597354529, 8.582531700880214, 6.330517390591689, 10.243132023266757, 8.79090354446884, 8.20266575925304, 13.060364184680529, 8.892433570688809, 14.562062821847917, 11.13369117158129, 99999999.0, 13.442192112481804, 8.09857596348763, 14.406262861591872, 13.301351249848626, 10.897885307190652, 13.898974965176032, 13.613084278917963, 5.73690854927822, 5.06609556266397, 7.7312810932712726], [12.049173580134298, 11.109059874293342, 12.302677210319503, 13.90407453661891, 11.037669685734668, 10.538856400340025, 6.738550187613618, 14.479809322230583, 9.786721390720135, 12.317467409428305, 7.4112814211856906, 11.777236755542479, 9.227374548951275, 7.593860273614706, 7.6950604627670325, 8.95044996455228, 8.475188830063782, 10.459869963647943, 11.623111825195508, 13.442192112481804, 99999999.0, 9.003625345925313, 5.7494344064489145, 7.718978009248113, 8.406468119163106, 8.748983411268537, 5.088825978216311, 14.809592918455497, 12.119773508800765, 5.853549914326225], [11.684023147202357, 12.680218311775402, 9.861998167156848, 13.166641388423969, 14.082445226387417, 12.898898720572278, 11.62973998366965, 7.192808759449445, 12.495921409745346, 9.45715531600904, 6.943542889828031, 13.663498047884426, 14.452654349986107, 10.27677142710723, 6.910607215797678, 13.148365065759016, 5.63716245623464, 8.145945061200983, 12.892345284511999, 8.09857596348763, 9.003625345925313, 99999999.0, 12.403632598229322, 12.001947767350899, 9.814294029326124, 9.87509524899857, 7.381312585622705, 6.450645252833204, 9.175250031999749, 10.302797750037108], [12.282000598592969, 7.814181442352766, 8.711249022806816, 11.773214628419153, 7.799951310868424, 9.563769395838886, 7.782701924633857, 10.334768902535737, 12.625383103148335, 7.344966668173979, 10.665348644883107, 12.485147058717821, 11.964616239359707, 13.744512491896039, 14.26521257045064, 8.067602779121568, 12.031376008321399, 5.277734571952478, 13.066097427917398, 14.406262861591872, 5.7494344064489145, 12.403632598229322, 99999999.0, 10.940623687797729, 8.847321083296501, 14.762140911341886, 6.523253861422371, 13.778211366925726, 11.004111511102407, 9.87679840333562], [13.983895478892487, 9.007247704413771, 12.856180038298325, 8.145036806273158, 13.59187476449232, 5.687823173036898, 12.148032273132454, 13.028038286661591, 8.567033535396659, 9.131605555259284, 10.326736858873033, 8.284469419600175, 13.481988438849639, 13.84696174510995, 7.673084640713416, 8.454200949072376, 7.602393740575017, 12.742318117133891, 10.135713472226618, 13.301351249848626, 7.718978009248113, 12.001947767350899, 10.940623687797729, 99999999.0, 7.896822458199493, 8.956433280381368, 9.961511380777686, 8.925176140077129, 8.422932624504163, 12.131512791717732], [14.893692847661853, 11.364213480249553, 12.264128859400333, 7.559538564134661, 11.591252999387823, 12.069416524854626, 5.690453733802049, 5.56415945319591, 13.932757081486471, 7.31648480567777, 7.384186127960679, 14.272244159718845, 13.322227763023553, 9.592754012985658, 5.966245919242436, 6.957280010340144, 8.817109208019687, 5.719698653134644, 7.148999959084659, 10.897885307190652, 8.406468119163106, 9.814294029326124, 8.847321083296501, 7.896822458199493, 99999999.0, 7.885312800977594, 7.590648784987433, 8.24551136953057, 14.89741507531237, 10.21133219218649], [9.9694164269971, 10.276294382163437, 6.169360730992812, 6.650896240856837, 6.158495693179705, 14.807958815962003, 9.000752124287569, 14.677261976936009, 10.429512410669401, 9.246597367105089, 14.871736198160846, 10.639233274082173, 11.76968159998068, 10.517532115480403, 7.381939443590085, 5.752053536262328, 13.08976251430391, 9.736301005811919, 7.143498537875548, 13.898974965176032, 8.748983411268537, 9.87509524899857, 14.762140911341886, 8.956433280381368, 7.885312800977594, 99999999.0, 7.475643907796474, 10.878846214858306, 13.1555743660536, 14.516086271119402], [14.796849075672759, 11.511744811158131, 9.23488287239411, 6.481191935625362, 10.54759740825391, 9.463794727499165, 11.333097911427922, 13.294509960750961, 8.827041989599504, 11.78719955888712, 9.311003312543892, 14.590758319084475, 13.711687746311094, 6.131630418915822, 12.191485104633589, 5.948410090660635, 5.599432205772143, 6.340196548907172, 9.917307320979695, 13.613084278917963, 5.088825978216311, 7.381312585622705, 6.523253861422371, 9.961511380777686, 7.590648784987433, 7.475643907796474, 99999999.0, 11.601417374203969, 12.273202622916536, 8.363778657248801], [13.161141846621975, 11.868932977652664, 13.542573642393856, 13.683558175726029, 7.043265145535152, 11.894269771462568, 14.832865131408369, 6.925886801933521, 10.579440345259188, 12.988683637815832, 5.000532489225609, 8.011286541632963, 6.555110499515927, 14.109499084718037, 5.4628161615628255, 9.718969126817417, 11.081506018221768, 10.652234480209056, 11.029484080065869, 5.73690854927822, 14.809592918455497, 6.450645252833204, 13.778211366925726, 8.925176140077129, 8.24551136953057, 10.878846214858306, 11.601417374203969, 99999999.0, 11.638898366593072, 10.304864061743668], [5.240078377430142, 10.487926635937828, 12.943337368952621, 10.617310899358658, 11.217443398215408, 7.940480381430498, 12.505462775236314, 11.91584933699314, 7.146447786200362, 7.007055438458655, 9.3583839990634, 12.816790127016992, 5.228177084869822, 14.808864911896158, 11.812395243594395, 6.959851578537712, 5.995078127985377, 12.768161798686126, 10.182688976924545, 5.06609556266397, 12.119773508800765, 9.175250031999749, 11.004111511102407, 8.422932624504163, 14.89741507531237, 13.1555743660536, 12.273202622916536, 11.638898366593072, 99999999.0, 10.790188171228436], [10.624589301604326, 14.894691587291144, 11.639357060111923, 6.764274322653684, 14.922707955677776, 13.727375042316947, 13.786254525314883, 13.359905681369762, 8.126450833570594, 7.789755486713582, 10.144325159360378, 12.44761478455018, 10.913055432153714, 9.061285576343337, 14.60637549699518, 13.053854418009909, 12.428844146672567, 9.91007771891033, 5.9976935566055465, 7.7312810932712726, 5.853549914326225, 10.302797750037108, 9.87679840333562, 12.131512791717732, 10.21133219218649, 14.516086271119402, 8.363778657248801, 10.304864061743668, 10.790188171228436, 99999999.0]];
