M = 99999999.0;
numWorkers = 25;
numRoles = 4;
numNodes = 30;
wStart = [0, 62.49811422022118, 119.26692421599266, 362.89297552500005, 181.1534809654705, 256.1285248444856, 186.45478630911663, 182.72136057892016, 315.5638087142053, 97.31361515918661, 247.02308942837675, 332.5059458824978, 249.98331279836012, 273.98032149189976, 217.90581502312133, 235.20514820736113, 380.6746638443213, 113.09834639386949, 54.19550057121297, 298.8134708566511, 311.4495115871629, 258.4461126465851, 415.28133407755456, 172.41754325952502, 123.52465990117369, 339.3145347940339, 240.4802415034492, 277.9609545768057, 303.1018550809126, 0];
wEnd = [0, 91.12486438973886, 149.96370297983776, 400.1829565741305, 220.97882376616326, 295.87424549615304, 213.15202546788606, 220.67537734860008, 349.96172186404056, 131.04383382395827, 279.7904947563834, 359.2185023120438, 286.5378598941878, 313.89393151879625, 247.01619470293255, 260.2547402041927, 414.60170259998574, 148.40326075315284, 83.37485993839516, 327.82951458200466, 345.75777256418365, 297.1880135334687, 446.72137674177725, 203.8758216566949, 158.28994914947407, 375.11167863419894, 276.53386317366034, 307.2212098147187, 338.83789131502266, 450];
p = [0, 11.805342123647328, 18.15542872300274, 14.772518342095083, 12.445718570646138, 21.85532686230734, 17.172615518596178, 12.12958309792804, 20.962139209148507, 12.53808199505778, 15.659153969829346, 12.385322222557646, 20.923230396852667, 19.206332714012408, 18.719690816778872, 11.814966676529357, 13.418072341313913, 19.320516577997424, 16.04458594171449, 13.641378347677296, 20.507472522803305, 16.0563048735565, 15.97470189960789, 19.622108460894612, 13.156409376723898, 19.92154095817951, 20.297774640387257, 19.00865824076072, 20.150769273000133, 0];
e = [[1, 0, 1, 0], [0, 1, 1, 0], [1, 1, 0, 0], [0, 1, 0, 1], [1, 1, 0, 0], [1, 1, 0, 0], [0, 1, 1, 0], [1, 0, 0, 1], [0, 1, 0, 1], [1, 0, 1, 0], [1, 1, 0, 0], [1, 0, 0, 1], [1, 0, 0, 1], [0, 0, 1, 1], [0, 1, 0, 1], [0, 0, 1, 0], [0, 0, 1, 0], [0, 0, 1, 0], [0, 0, 1, 0], [0, 0, 1, 0], [0, 1, 0, 0], [0, 0, 0, 1], [1, 0, 0, 0], [0, 0, 0, 1], [0, 0, 0, 1]];
d = [[0, 2, 1, 2, 0, 0, 2, 1, 3, 1, 3, 3, 0, 0, 2, 2, 0, 0, 2, 1, 0, 1, 1, 1, 1, 2, 3, 2], [0, 0, 1, 1, 0, 1, 0, 3, 2, 3, 0, 0, 0, 2, 0, 2, 2, 1, 2, 2, 2, 2, 1, 1, 0, 1, 1, 1], [3, 1, 0, 2, 1, 2, 0, 0, 1, 1, 2, 0, 1, 2, 0, 2, 2, 3, 1, 1, 2, 3, 2, 2, 2, 0, 2, 1], [3, 4, 2, 0, 4, 3, 1, 0, 2, 3, 1, 3, 3, 2, 1, 1, 2, 1, 1, 1, 3, 1, 1, 3, 1, 0, 1, 1]];
r = [1410.679201987311, 1870.5220687818885, 2591.7956679579643, 2428.023736319532, 2331.3207314911156, 2958.830967311288, 1243.1864270412077, 3533.6357064322033, 2319.539704595606, 1383.2980980972218, 1573.8038383031792, 3289.130814223337, 1038.9477349676638, 1038.0467464423573, 598.7116260183947, 2651.902437448895, 3146.748873663489, 899.0656420096061, 2341.39901661892, 1387.6032173888732, 1208.8318755626312, 2009.2433469817315, 3131.150309441877, 1486.9449820722039, 1133.2855934508586, 2390.693668433438, 1495.1050051618408, 2941.5541427882467];
b = [[[0.0, 0.0, 0.0, 0.0, 0.0, 0.0, 0.0, 0.0, 0.0, 0.0, 0.0, 0.0, 0.0, 0.0, 0.0, 0.0, 0.0, 0.0, 0.0, 0.0, 0.0, 0.0, 0.0, 0.0, 0.0, 0.0, 0.0, 0.0], [0.0, 0.0, 0.0, 0.0, 0.0, 0.0, 0.0, 0.0, 0.0, 0.0, 0.0, 0.0, 0.0, 0.0, 0.0, 0.0, 0.0, 0.0, 0.0, 0.0, 0.0, 0.0, 0.0, 0.0, 0.0, 0.0, 0.0, 0.0], [0.0, 0.0, 0.0, 0.0, 0.0, 0.0, 0.0, 0.0, 0.0, 0.0, 0.0, 0.0, 0.0, 0.0, 0.0, 0.0, 0.0, 0.0, 0.0, 0.0, 0.0, 0.0, 0.0, 0.0, 0.0, 0.0, 0.0, 0.0], [0.0, 0.0, 0.0, 0.0, 0.0, 0.0, 0.0, 0.0, 0.0, 0.0, 0.0, 0.0, 0.0, 0.0, 0.0, 0.0, 0.0, 0.0, 0.0, 0.0, 0.0, 0.0, 0.0, 0.0, 0.0, 0.0, 0.0, 0.0]], [[0.0, 0.0, 0.0, 0.0, 0.0, 0.0, 0.0, 0.0, 0.0, 0.0, 0.0, 0.0, 0.0, 0.0, 0.0, 0.0, 0.0, 0.0, 0.0, 0.0, 0.0, 0.0, 0.0, 0.0, 0.0, 0.0, 0.0, 0.0], [0.0, 0.0, 0.0, 0.0, 0.0, 0.0, 0.0, 0.0, 0.0, 0.0, 0.0, 0.0, 0.0, 0.0, 0.0, 0.0, 0.0, 0.0, 0.0, 0.0, 0.0, 0.0, 0.0, 0.0, 0.0, 0.0, 0.0, 0.0], [0.0, 0.0, 0.0, 0.0, 0.0, 0.0, 0.0, 0.0, 0.0, 0.0, 0.0, 0.0, 0.0, 0.0, 0.0, 0.0, 0.0, 0.0, 0.0, 0.0, 0.0, 0.0, 0.0, 0.0, 0.0, 0.0, 0.0, 0.0], [0.0, 0.0, 0.0, 0.0, 0.0, 0.0, 0.0, 0.0, 0.0, 0.0, 0.0, 0.0, 0.0, 0.0, 0.0, 0.0, 0.0, 0.0, 0.0, 0.0, 0.0, 0.0, 0.0, 0.0, 0.0, 0.0, 0.0, 0.0]], [[0.0, 0.0, 0.0, 0.0, 0.0, 0.0, 0.0, 0.0, 0.0, 0.0, 0.0, 0.0, 0.0, 0.0, 0.0, 0.0, 0.0, 0.0, 0.0, 0.0, 0.0, 0.0, 0.0, 0.0, 0.0, 0.0, 0.0, 0.0], [0.0, 0.0, 0.0, 0.0, 0.0, 0.0, 0.0, 0.0, 0.0, 0.0, 0.0, 0.0, 0.0, 0.0, 0.0, 0.0, 0.0, 0.0, 0.0, 0.0, 0.0, 0.0, 0.0, 0.0, 0.0, 0.0, 0.0, 0.0], [0.0, 0.0, 0.0, 0.0, 0.0, 0.0, 0.0, 0.0, 0.0, 0.0, 0.0, 0.0, 0.0, 0.0, 0.0, 0.0, 0.0, 0.0, 0.0, 0.0, 0.0, 0.0, 0.0, 0.0, 0.0, 0.0, 0.0, 0.0], [0.0, 0.0, 0.0, 0.0, 0.0, 0.0, 0.0, 0.0, 0.0, 0.0, 0.0, 0.0, 0.0, 0.0, 0.0, 0.0, 0.0, 0.0, 0.0, 0.0, 0.0, 0.0, 0.0, 0.0, 0.0, 0.0, 0.0, 0.0]], [[0.0, 0.0, 0.0, 0.0, 0.0, 0.0, 0.0, 0.0, 0.0, 0.0, 0.0, 0.0, 0.0, 0.0, 0.0, 0.0, 0.0, 0.0, 0.0, 0.0, 0.0, 0.0, 0.0, 0.0, 0.0, 0.0, 0.0, 0.0], [0.0, 0.0, 0.0, 0.0, 0.0, 0.0, 0.0, 0.0, 0.0, 0.0, 0.0, 0.0, 0.0, 0.0, 0.0, 0.0, 0.0, 0.0, 0.0, 0.0, 0.0, 0.0, 0.0, 0.0, 0.0, 0.0, 0.0, 0.0], [0.0, 0.0, 0.0, 0.0, 0.0, 0.0, 0.0, 0.0, 0.0, 0.0, 0.0, 0.0, 0.0, 0.0, 0.0, 0.0, 0.0, 0.0, 0.0, 0.0, 0.0, 0.0, 0.0, 0.0, 0.0, 0.0, 0.0, 0.0], [0.0, 0.0, 0.0, 0.0, 0.0, 0.0, 0.0, 0.0, 0.0, 0.0, 0.0, 0.0, 0.0, 0.0, 0.0, 0.0, 0.0, 0.0, 0.0, 0.0, 0.0, 0.0, 0.0, 0.0, 0.0, 0.0, 0.0, 0.0]], [[0.0, 0.0, 0.0, 0.0, 0.0, 0.0, 0.0, 0.0, 0.0, 0.0, 0.0, 0.0, 0.0, 0.0, 0.0, 0.0, 0.0, 0.0, 0.0, 0.0, 0.0, 0.0, 0.0, 0.0, 0.0, 0.0, 0.0, 0.0], [0.0, 0.0, 0.0, 0.0, 0.0, 0.0, 0.0, 0.0, 0.0, 0.0, 0.0, 0.0, 0.0, 0.0, 0.0, 0.0, 0.0, 0.0, 0.0, 0.0, 0.0, 0.0, 0.0, 0.0, 0.0, 0.0, 0.0, 0.0], [0.0, 0.0, 0.0, 0.0, 0.0, 0.0, 0.0, 0.0, 0.0, 0.0, 0.0, 0.0, 0.0, 0.0, 0.0, 0.0, 0.0, 0.0, 0.0, 0.0, 0.0, 0.0, 0.0, 0.0, 0.0, 0.0, 0.0, 0.0], [0.0, 0.0, 0.0, 0.0, 0.0, 0.0, 0.0, 0.0, 0.0, 0.0, 0.0, 0.0, 0.0, 0.0, 0.0, 0.0, 0.0, 0.0, 0.0, 0.0, 0.0, 0.0, 0.0, 0.0, 0.0, 0.0, 0.0, 0.0]], [[0.0, 0.0, 0.0, 0.0, 0.0, 0.0, 0.0, 0.0, 0.0, 0.0, 0.0, 0.0, 0.0, 0.0, 0.0, 0.0, 0.0, 0.0, 0.0, 0.0, 0.0, 0.0, 0.0, 0.0, 0.0, 0.0, 0.0, 0.0], [0.0, 0.0, 0.0, 0.0, 0.0, 0.0, 0.0, 0.0, 0.0, 0.0, 0.0, 0.0, 0.0, 0.0, 0.0, 0.0, 0.0, 0.0, 0.0, 0.0, 0.0, 0.0, 0.0, 0.0, 0.0, 0.0, 0.0, 0.0], [0.0, 0.0, 0.0, 0.0, 0.0, 0.0, 0.0, 0.0, 0.0, 0.0, 0.0, 0.0, 0.0, 0.0, 0.0, 0.0, 0.0, 0.0, 0.0, 0.0, 0.0, 0.0, 0.0, 0.0, 0.0, 0.0, 0.0, 0.0], [0.0, 0.0, 0.0, 0.0, 0.0, 0.0, 0.0, 0.0, 0.0, 0.0, 0.0, 0.0, 0.0, 0.0, 0.0, 0.0, 0.0, 0.0, 0.0, 0.0, 0.0, 0.0, 0.0, 0.0, 0.0, 0.0, 0.0, 0.0]], [[0.0, 0.0, 0.0, 0.0, 0.0, 0.0, 0.0, 0.0, 0.0, 0.0, 0.0, 0.0, 0.0, 0.0, 0.0, 0.0, 0.0, 0.0, 0.0, 0.0, 0.0, 0.0, 0.0, 0.0, 0.0, 0.0, 0.0, 0.0], [0.0, 0.0, 0.0, 0.0, 0.0, 0.0, 0.0, 0.0, 0.0, 0.0, 0.0, 0.0, 0.0, 0.0, 0.0, 0.0, 0.0, 0.0, 0.0, 0.0, 0.0, 0.0, 0.0, 0.0, 0.0, 0.0, 0.0, 0.0], [0.0, 0.0, 0.0, 0.0, 0.0, 0.0, 0.0, 0.0, 0.0, 0.0, 0.0, 0.0, 0.0, 0.0, 0.0, 0.0, 0.0, 0.0, 0.0, 0.0, 0.0, 0.0, 0.0, 0.0, 0.0, 0.0, 0.0, 0.0], [0.0, 0.0, 0.0, 0.0, 0.0, 0.0, 0.0, 0.0, 0.0, 0.0, 0.0, 0.0, 0.0, 0.0, 0.0, 0.0, 0.0, 0.0, 0.0, 0.0, 0.0, 0.0, 0.0, 0.0, 0.0, 0.0, 0.0, 0.0]], [[0.0, 0.0, 0.0, 0.0, 0.0, 0.0, 0.0, 0.0, 0.0, 0.0, 0.0, 0.0, 0.0, 0.0, 0.0, 0.0, 0.0, 0.0, 0.0, 0.0, 0.0, 0.0, 0.0, 0.0, 0.0, 0.0, 0.0, 0.0], [0.0, 0.0, 0.0, 0.0, 0.0, 0.0, 0.0, 0.0, 0.0, 0.0, 0.0, 0.0, 0.0, 0.0, 0.0, 0.0, 0.0, 0.0, 0.0, 0.0, 0.0, 0.0, 0.0, 0.0, 0.0, 0.0, 0.0, 0.0], [0.0, 0.0, 0.0, 0.0, 0.0, 0.0, 0.0, 0.0, 0.0, 0.0, 0.0, 0.0, 0.0, 0.0, 0.0, 0.0, 0.0, 0.0, 0.0, 0.0, 0.0, 0.0, 0.0, 0.0, 0.0, 0.0, 0.0, 0.0], [0.0, 0.0, 0.0, 0.0, 0.0, 0.0, 0.0, 0.0, 0.0, 0.0, 0.0, 0.0, 0.0, 0.0, 0.0, 0.0, 0.0, 0.0, 0.0, 0.0, 0.0, 0.0, 0.0, 0.0, 0.0, 0.0, 0.0, 0.0]], [[0.0, 0.0, 0.0, 0.0, 0.0, 0.0, 0.0, 0.0, 0.0, 0.0, 0.0, 0.0, 0.0, 0.0, 0.0, 0.0, 0.0, 0.0, 0.0, 0.0, 0.0, 0.0, 0.0, 0.0, 0.0, 0.0, 0.0, 0.0], [0.0, 0.0, 0.0, 0.0, 0.0, 0.0, 0.0, 0.0, 0.0, 0.0, 0.0, 0.0, 0.0, 0.0, 0.0, 0.0, 0.0, 0.0, 0.0, 0.0, 0.0, 0.0, 0.0, 0.0, 0.0, 0.0, 0.0, 0.0], [0.0, 0.0, 0.0, 0.0, 0.0, 0.0, 0.0, 0.0, 0.0, 0.0, 0.0, 0.0, 0.0, 0.0, 0.0, 0.0, 0.0, 0.0, 0.0, 0.0, 0.0, 0.0, 0.0, 0.0, 0.0, 0.0, 0.0, 0.0], [0.0, 0.0, 0.0, 0.0, 0.0, 0.0, 0.0, 0.0, 0.0, 0.0, 0.0, 0.0, 0.0, 0.0, 0.0, 0.0, 0.0, 0.0, 0.0, 0.0, 0.0, 0.0, 0.0, 0.0, 0.0, 0.0, 0.0, 0.0]], [[0.0, 0.0, 0.0, 0.0, 0.0, 0.0, 0.0, 0.0, 0.0, 0.0, 0.0, 0.0, 0.0, 0.0, 0.0, 0.0, 0.0, 0.0, 0.0, 0.0, 0.0, 0.0, 0.0, 0.0, 0.0, 0.0, 0.0, 0.0], [0.0, 0.0, 0.0, 0.0, 0.0, 0.0, 0.0, 0.0, 0.0, 0.0, 0.0, 0.0, 0.0, 0.0, 0.0, 0.0, 0.0, 0.0, 0.0, 0.0, 0.0, 0.0, 0.0, 0.0, 0.0, 0.0, 0.0, 0.0], [0.0, 0.0, 0.0, 0.0, 0.0, 0.0, 0.0, 0.0, 0.0, 0.0, 0.0, 0.0, 0.0, 0.0, 0.0, 0.0, 0.0, 0.0, 0.0, 0.0, 0.0, 0.0, 0.0, 0.0, 0.0, 0.0, 0.0, 0.0], [0.0, 0.0, 0.0, 0.0, 0.0, 0.0, 0.0, 0.0, 0.0, 0.0, 0.0, 0.0, 0.0, 0.0, 0.0, 0.0, 0.0, 0.0, 0.0, 0.0, 0.0, 0.0, 0.0, 0.0, 0.0, 0.0, 0.0, 0.0]], [[0.0, 0.0, 0.0, 0.0, 0.0, 0.0, 0.0, 0.0, 0.0, 0.0, 0.0, 0.0, 0.0, 0.0, 0.0, 0.0, 0.0, 0.0, 0.0, 0.0, 0.0, 0.0, 0.0, 0.0, 0.0, 0.0, 0.0, 0.0], [0.0, 0.0, 0.0, 0.0, 0.0, 0.0, 0.0, 0.0, 0.0, 0.0, 0.0, 0.0, 0.0, 0.0, 0.0, 0.0, 0.0, 0.0, 0.0, 0.0, 0.0, 0.0, 0.0, 0.0, 0.0, 0.0, 0.0, 0.0], [0.0, 0.0, 0.0, 0.0, 0.0, 0.0, 0.0, 0.0, 0.0, 0.0, 0.0, 0.0, 0.0, 0.0, 0.0, 0.0, 0.0, 0.0, 0.0, 0.0, 0.0, 0.0, 0.0, 0.0, 0.0, 0.0, 0.0, 0.0], [0.0, 0.0, 0.0, 0.0, 0.0, 0.0, 0.0, 0.0, 0.0, 0.0, 0.0, 0.0, 0.0, 0.0, 0.0, 0.0, 0.0, 0.0, 0.0, 0.0, 0.0, 0.0, 0.0, 0.0, 0.0, 0.0, 0.0, 0.0]], [[0.0, 0.0, 0.0, 0.0, 0.0, 0.0, 0.0, 0.0, 0.0, 0.0, 0.0, 0.0, 0.0, 0.0, 0.0, 0.0, 0.0, 0.0, 0.0, 0.0, 0.0, 0.0, 0.0, 0.0, 0.0, 0.0, 0.0, 0.0], [0.0, 0.0, 0.0, 0.0, 0.0, 0.0, 0.0, 0.0, 0.0, 0.0, 0.0, 0.0, 0.0, 0.0, 0.0, 0.0, 0.0, 0.0, 0.0, 0.0, 0.0, 0.0, 0.0, 0.0, 0.0, 0.0, 0.0, 0.0], [0.0, 0.0, 0.0, 0.0, 0.0, 0.0, 0.0, 0.0, 0.0, 0.0, 0.0, 0.0, 0.0, 0.0, 0.0, 0.0, 0.0, 0.0, 0.0, 0.0, 0.0, 0.0, 0.0, 0.0, 0.0, 0.0, 0.0, 0.0], [0.0, 0.0, 0.0, 0.0, 0.0, 0.0, 0.0, 0.0, 0.0, 0.0, 0.0, 0.0, 0.0, 0.0, 0.0, 0.0, 0.0, 0.0, 0.0, 0.0, 0.0, 0.0, 0.0, 0.0, 0.0, 0.0, 0.0, 0.0]], [[0.0, 0.0, 0.0, 0.0, 0.0, 0.0, 0.0, 0.0, 0.0, 0.0, 0.0, 0.0, 0.0, 0.0, 0.0, 0.0, 0.0, 0.0, 0.0, 0.0, 0.0, 0.0, 0.0, 0.0, 0.0, 0.0, 0.0, 0.0], [0.0, 0.0, 0.0, 0.0, 0.0, 0.0, 0.0, 0.0, 0.0, 0.0, 0.0, 0.0, 0.0, 0.0, 0.0, 0.0, 0.0, 0.0, 0.0, 0.0, 0.0, 0.0, 0.0, 0.0, 0.0, 0.0, 0.0, 0.0], [0.0, 0.0, 0.0, 0.0, 0.0, 0.0, 0.0, 0.0, 0.0, 0.0, 0.0, 0.0, 0.0, 0.0, 0.0, 0.0, 0.0, 0.0, 0.0, 0.0, 0.0, 0.0, 0.0, 0.0, 0.0, 0.0, 0.0, 0.0], [0.0, 0.0, 0.0, 0.0, 0.0, 0.0, 0.0, 0.0, 0.0, 0.0, 0.0, 0.0, 0.0, 0.0, 0.0, 0.0, 0.0, 0.0, 0.0, 0.0, 0.0, 0.0, 0.0, 0.0, 0.0, 0.0, 0.0, 0.0]], [[0.0, 0.0, 0.0, 0.0, 0.0, 0.0, 0.0, 0.0, 0.0, 0.0, 0.0, 0.0, 0.0, 0.0, 0.0, 0.0, 0.0, 0.0, 0.0, 0.0, 0.0, 0.0, 0.0, 0.0, 0.0, 0.0, 0.0, 0.0], [0.0, 0.0, 0.0, 0.0, 0.0, 0.0, 0.0, 0.0, 0.0, 0.0, 0.0, 0.0, 0.0, 0.0, 0.0, 0.0, 0.0, 0.0, 0.0, 0.0, 0.0, 0.0, 0.0, 0.0, 0.0, 0.0, 0.0, 0.0], [0.0, 0.0, 0.0, 0.0, 0.0, 0.0, 0.0, 0.0, 0.0, 0.0, 0.0, 0.0, 0.0, 0.0, 0.0, 0.0, 0.0, 0.0, 0.0, 0.0, 0.0, 0.0, 0.0, 0.0, 0.0, 0.0, 0.0, 0.0], [0.0, 0.0, 0.0, 0.0, 0.0, 0.0, 0.0, 0.0, 0.0, 0.0, 0.0, 0.0, 0.0, 0.0, 0.0, 0.0, 0.0, 0.0, 0.0, 0.0, 0.0, 0.0, 0.0, 0.0, 0.0, 0.0, 0.0, 0.0]], [[0.0, 0.0, 0.0, 0.0, 0.0, 0.0, 0.0, 0.0, 0.0, 0.0, 0.0, 0.0, 0.0, 0.0, 0.0, 0.0, 0.0, 0.0, 0.0, 0.0, 0.0, 0.0, 0.0, 0.0, 0.0, 0.0, 0.0, 0.0], [0.0, 0.0, 0.0, 0.0, 0.0, 0.0, 0.0, 0.0, 0.0, 0.0, 0.0, 0.0, 0.0, 0.0, 0.0, 0.0, 0.0, 0.0, 0.0, 0.0, 0.0, 0.0, 0.0, 0.0, 0.0, 0.0, 0.0, 0.0], [0.0, 0.0, 0.0, 0.0, 0.0, 0.0, 0.0, 0.0, 0.0, 0.0, 0.0, 0.0, 0.0, 0.0, 0.0, 0.0, 0.0, 0.0, 0.0, 0.0, 0.0, 0.0, 0.0, 0.0, 0.0, 0.0, 0.0, 0.0], [0.0, 0.0, 0.0, 0.0, 0.0, 0.0, 0.0, 0.0, 0.0, 0.0, 0.0, 0.0, 0.0, 0.0, 0.0, 0.0, 0.0, 0.0, 0.0, 0.0, 0.0, 0.0, 0.0, 0.0, 0.0, 0.0, 0.0, 0.0]], [[0.0, 0.0, 0.0, 0.0, 0.0, 0.0, 0.0, 0.0, 0.0, 0.0, 0.0, 0.0, 0.0, 0.0, 0.0, 0.0, 0.0, 0.0, 0.0, 0.0, 0.0, 0.0, 0.0, 0.0, 0.0, 0.0, 0.0, 0.0], [0.0, 0.0, 0.0, 0.0, 0.0, 0.0, 0.0, 0.0, 0.0, 0.0, 0.0, 0.0, 0.0, 0.0, 0.0, 0.0, 0.0, 0.0, 0.0, 0.0, 0.0, 0.0, 0.0, 0.0, 0.0, 0.0, 0.0, 0.0], [0.0, 0.0, 0.0, 0.0, 0.0, 0.0, 0.0, 0.0, 0.0, 0.0, 0.0, 0.0, 0.0, 0.0, 0.0, 0.0, 0.0, 0.0, 0.0, 0.0, 0.0, 0.0, 0.0, 0.0, 0.0, 0.0, 0.0, 0.0], [0.0, 0.0, 0.0, 0.0, 0.0, 0.0, 0.0, 0.0, 0.0, 0.0, 0.0, 0.0, 0.0, 0.0, 0.0, 0.0, 0.0, 0.0, 0.0, 0.0, 0.0, 0.0, 0.0, 0.0, 0.0, 0.0, 0.0, 0.0]], [[0.0, 0.0, 0.0, 0.0, 0.0, 0.0, 0.0, 0.0, 0.0, 0.0, 0.0, 0.0, 0.0, 0.0, 0.0, 0.0, 0.0, 0.0, 0.0, 0.0, 0.0, 0.0, 0.0, 0.0, 0.0, 0.0, 0.0, 0.0], [0.0, 0.0, 0.0, 0.0, 0.0, 0.0, 0.0, 0.0, 0.0, 0.0, 0.0, 0.0, 0.0, 0.0, 0.0, 0.0, 0.0, 0.0, 0.0, 0.0, 0.0, 0.0, 0.0, 0.0, 0.0, 0.0, 0.0, 0.0], [0.0, 0.0, 0.0, 0.0, 0.0, 0.0, 0.0, 0.0, 0.0, 0.0, 0.0, 0.0, 0.0, 0.0, 0.0, 0.0, 0.0, 0.0, 0.0, 0.0, 0.0, 0.0, 0.0, 0.0, 0.0, 0.0, 0.0, 0.0], [0.0, 0.0, 0.0, 0.0, 0.0, 0.0, 0.0, 0.0, 0.0, 0.0, 0.0, 0.0, 0.0, 0.0, 0.0, 0.0, 0.0, 0.0, 0.0, 0.0, 0.0, 0.0, 0.0, 0.0, 0.0, 0.0, 0.0, 0.0]], [[0.0, 0.0, 0.0, 0.0, 0.0, 0.0, 0.0, 0.0, 0.0, 0.0, 0.0, 0.0, 0.0, 0.0, 0.0, 0.0, 0.0, 0.0, 0.0, 0.0, 0.0, 0.0, 0.0, 0.0, 0.0, 0.0, 0.0, 0.0], [0.0, 0.0, 0.0, 0.0, 0.0, 0.0, 0.0, 0.0, 0.0, 0.0, 0.0, 0.0, 0.0, 0.0, 0.0, 0.0, 0.0, 0.0, 0.0, 0.0, 0.0, 0.0, 0.0, 0.0, 0.0, 0.0, 0.0, 0.0], [0.0, 0.0, 0.0, 0.0, 0.0, 0.0, 0.0, 0.0, 0.0, 0.0, 0.0, 0.0, 0.0, 0.0, 0.0, 0.0, 0.0, 0.0, 0.0, 0.0, 0.0, 0.0, 0.0, 0.0, 0.0, 0.0, 0.0, 0.0], [0.0, 0.0, 0.0, 0.0, 0.0, 0.0, 0.0, 0.0, 0.0, 0.0, 0.0, 0.0, 0.0, 0.0, 0.0, 0.0, 0.0, 0.0, 0.0, 0.0, 0.0, 0.0, 0.0, 0.0, 0.0, 0.0, 0.0, 0.0]], [[0.0, 0.0, 0.0, 0.0, 0.0, 0.0, 0.0, 0.0, 0.0, 0.0, 0.0, 0.0, 0.0, 0.0, 0.0, 0.0, 0.0, 0.0, 0.0, 0.0, 0.0, 0.0, 0.0, 0.0, 0.0, 0.0, 0.0, 0.0], [0.0, 0.0, 0.0, 0.0, 0.0, 0.0, 0.0, 0.0, 0.0, 0.0, 0.0, 0.0, 0.0, 0.0, 0.0, 0.0, 0.0, 0.0, 0.0, 0.0, 0.0, 0.0, 0.0, 0.0, 0.0, 0.0, 0.0, 0.0], [0.0, 0.0, 0.0, 0.0, 0.0, 0.0, 0.0, 0.0, 0.0, 0.0, 0.0, 0.0, 0.0, 0.0, 0.0, 0.0, 0.0, 0.0, 0.0, 0.0, 0.0, 0.0, 0.0, 0.0, 0.0, 0.0, 0.0, 0.0], [0.0, 0.0, 0.0, 0.0, 0.0, 0.0, 0.0, 0.0, 0.0, 0.0, 0.0, 0.0, 0.0, 0.0, 0.0, 0.0, 0.0, 0.0, 0.0, 0.0, 0.0, 0.0, 0.0, 0.0, 0.0, 0.0, 0.0, 0.0]], [[0.0, 0.0, 0.0, 0.0, 0.0, 0.0, 0.0, 0.0, 0.0, 0.0, 0.0, 0.0, 0.0, 0.0, 0.0, 0.0, 0.0, 0.0, 0.0, 0.0, 0.0, 0.0, 0.0, 0.0, 0.0, 0.0, 0.0, 0.0], [0.0, 0.0, 0.0, 0.0, 0.0, 0.0, 0.0, 0.0, 0.0, 0.0, 0.0, 0.0, 0.0, 0.0, 0.0, 0.0, 0.0, 0.0, 0.0, 0.0, 0.0, 0.0, 0.0, 0.0, 0.0, 0.0, 0.0, 0.0], [0.0, 0.0, 0.0, 0.0, 0.0, 0.0, 0.0, 0.0, 0.0, 0.0, 0.0, 0.0, 0.0, 0.0, 0.0, 0.0, 0.0, 0.0, 0.0, 0.0, 0.0, 0.0, 0.0, 0.0, 0.0, 0.0, 0.0, 0.0], [0.0, 0.0, 0.0, 0.0, 0.0, 0.0, 0.0, 0.0, 0.0, 0.0, 0.0, 0.0, 0.0, 0.0, 0.0, 0.0, 0.0, 0.0, 0.0, 0.0, 0.0, 0.0, 0.0, 0.0, 0.0, 0.0, 0.0, 0.0]], [[0.0, 0.0, 0.0, 0.0, 0.0, 0.0, 0.0, 0.0, 0.0, 0.0, 0.0, 0.0, 0.0, 0.0, 0.0, 0.0, 0.0, 0.0, 0.0, 0.0, 0.0, 0.0, 0.0, 0.0, 0.0, 0.0, 0.0, 0.0], [0.0, 0.0, 0.0, 0.0, 0.0, 0.0, 0.0, 0.0, 0.0, 0.0, 0.0, 0.0, 0.0, 0.0, 0.0, 0.0, 0.0, 0.0, 0.0, 0.0, 0.0, 0.0, 0.0, 0.0, 0.0, 0.0, 0.0, 0.0], [0.0, 0.0, 0.0, 0.0, 0.0, 0.0, 0.0, 0.0, 0.0, 0.0, 0.0, 0.0, 0.0, 0.0, 0.0, 0.0, 0.0, 0.0, 0.0, 0.0, 0.0, 0.0, 0.0, 0.0, 0.0, 0.0, 0.0, 0.0], [0.0, 0.0, 0.0, 0.0, 0.0, 0.0, 0.0, 0.0, 0.0, 0.0, 0.0, 0.0, 0.0, 0.0, 0.0, 0.0, 0.0, 0.0, 0.0, 0.0, 0.0, 0.0, 0.0, 0.0, 0.0, 0.0, 0.0, 0.0]], [[0.0, 0.0, 0.0, 0.0, 0.0, 0.0, 0.0, 0.0, 0.0, 0.0, 0.0, 0.0, 0.0, 0.0, 0.0, 0.0, 0.0, 0.0, 0.0, 0.0, 0.0, 0.0, 0.0, 0.0, 0.0, 0.0, 0.0, 0.0], [0.0, 0.0, 0.0, 0.0, 0.0, 0.0, 0.0, 0.0, 0.0, 0.0, 0.0, 0.0, 0.0, 0.0, 0.0, 0.0, 0.0, 0.0, 0.0, 0.0, 0.0, 0.0, 0.0, 0.0, 0.0, 0.0, 0.0, 0.0], [0.0, 0.0, 0.0, 0.0, 0.0, 0.0, 0.0, 0.0, 0.0, 0.0, 0.0, 0.0, 0.0, 0.0, 0.0, 0.0, 0.0, 0.0, 0.0, 0.0, 0.0, 0.0, 0.0, 0.0, 0.0, 0.0, 0.0, 0.0], [0.0, 0.0, 0.0, 0.0, 0.0, 0.0, 0.0, 0.0, 0.0, 0.0, 0.0, 0.0, 0.0, 0.0, 0.0, 0.0, 0.0, 0.0, 0.0, 0.0, 0.0, 0.0, 0.0, 0.0, 0.0, 0.0, 0.0, 0.0]], [[0.0, 0.0, 0.0, 0.0, 0.0, 0.0, 0.0, 0.0, 0.0, 0.0, 0.0, 0.0, 0.0, 0.0, 0.0, 0.0, 0.0, 0.0, 0.0, 0.0, 0.0, 0.0, 0.0, 0.0, 0.0, 0.0, 0.0, 0.0], [0.0, 0.0, 0.0, 0.0, 0.0, 0.0, 0.0, 0.0, 0.0, 0.0, 0.0, 0.0, 0.0, 0.0, 0.0, 0.0, 0.0, 0.0, 0.0, 0.0, 0.0, 0.0, 0.0, 0.0, 0.0, 0.0, 0.0, 0.0], [0.0, 0.0, 0.0, 0.0, 0.0, 0.0, 0.0, 0.0, 0.0, 0.0, 0.0, 0.0, 0.0, 0.0, 0.0, 0.0, 0.0, 0.0, 0.0, 0.0, 0.0, 0.0, 0.0, 0.0, 0.0, 0.0, 0.0, 0.0], [0.0, 0.0, 0.0, 0.0, 0.0, 0.0, 0.0, 0.0, 0.0, 0.0, 0.0, 0.0, 0.0, 0.0, 0.0, 0.0, 0.0, 0.0, 0.0, 0.0, 0.0, 0.0, 0.0, 0.0, 0.0, 0.0, 0.0, 0.0]], [[0.0, 0.0, 0.0, 0.0, 0.0, 0.0, 0.0, 0.0, 0.0, 0.0, 0.0, 0.0, 0.0, 0.0, 0.0, 0.0, 0.0, 0.0, 0.0, 0.0, 0.0, 0.0, 0.0, 0.0, 0.0, 0.0, 0.0, 0.0], [0.0, 0.0, 0.0, 0.0, 0.0, 0.0, 0.0, 0.0, 0.0, 0.0, 0.0, 0.0, 0.0, 0.0, 0.0, 0.0, 0.0, 0.0, 0.0, 0.0, 0.0, 0.0, 0.0, 0.0, 0.0, 0.0, 0.0, 0.0], [0.0, 0.0, 0.0, 0.0, 0.0, 0.0, 0.0, 0.0, 0.0, 0.0, 0.0, 0.0, 0.0, 0.0, 0.0, 0.0, 0.0, 0.0, 0.0, 0.0, 0.0, 0.0, 0.0, 0.0, 0.0, 0.0, 0.0, 0.0], [0.0, 0.0, 0.0, 0.0, 0.0, 0.0, 0.0, 0.0, 0.0, 0.0, 0.0, 0.0, 0.0, 0.0, 0.0, 0.0, 0.0, 0.0, 0.0, 0.0, 0.0, 0.0, 0.0, 0.0, 0.0, 0.0, 0.0, 0.0]], [[0.0, 0.0, 0.0, 0.0, 0.0, 0.0, 0.0, 0.0, 0.0, 0.0, 0.0, 0.0, 0.0, 0.0, 0.0, 0.0, 0.0, 0.0, 0.0, 0.0, 0.0, 0.0, 0.0, 0.0, 0.0, 0.0, 0.0, 0.0], [0.0, 0.0, 0.0, 0.0, 0.0, 0.0, 0.0, 0.0, 0.0, 0.0, 0.0, 0.0, 0.0, 0.0, 0.0, 0.0, 0.0, 0.0, 0.0, 0.0, 0.0, 0.0, 0.0, 0.0, 0.0, 0.0, 0.0, 0.0], [0.0, 0.0, 0.0, 0.0, 0.0, 0.0, 0.0, 0.0, 0.0, 0.0, 0.0, 0.0, 0.0, 0.0, 0.0, 0.0, 0.0, 0.0, 0.0, 0.0, 0.0, 0.0, 0.0, 0.0, 0.0, 0.0, 0.0, 0.0], [0.0, 0.0, 0.0, 0.0, 0.0, 0.0, 0.0, 0.0, 0.0, 0.0, 0.0, 0.0, 0.0, 0.0, 0.0, 0.0, 0.0, 0.0, 0.0, 0.0, 0.0, 0.0, 0.0, 0.0, 0.0, 0.0, 0.0, 0.0]]];
t = [[99999999.0, 13.128422438747755, 13.032481223136294, 9.008080915947332, 12.927041098541222, 13.571796144425424, 11.528919522152576, 8.268608362421695, 13.590989147534259, 5.4494692983965685, 9.533678143597788, 11.092145824438198, 11.085082448248055, 5.701012942448892, 9.515110698012093, 10.499365515168545, 10.193547287309826, 5.933873863228976, 5.029130642932524, 5.617002822611694, 13.365388602707151, 5.913365231669169, 11.038296954876703, 10.588853769132488, 5.901327425140865, 8.768111794597074, 6.582993098956646, 13.189436914905055, 11.475870560839864, 9.191693872473992], [13.128422438747755, 99999999.0, 11.610999815961566, 8.061724380289613, 12.522413823229597, 11.951300056057246, 8.213957873846464, 9.965107440670018, 8.195375343174092, 14.234880895215062, 6.714143856745688, 8.526496860424555, 14.366649491701466, 7.144246317178219, 5.175128878399855, 5.265813124979352, 8.31967475579133, 6.327485113751368, 7.738865535291957, 5.271803119064915, 14.005915921509821, 10.042725455977223, 8.041943336264254, 12.375569890310132, 11.616323405349943, 12.344526154852069, 13.56051682839014, 10.124014181865068, 13.593816451191964, 11.578167714514624], [13.032481223136294, 11.610999815961566, 99999999.0, 8.175492252552205, 11.78320978108782, 7.261490231561192, 7.236905002052589, 12.788429917180945, 11.450776770034377, 5.669803230114308, 13.282084656939174, 7.6692743383177175, 6.6742305825139265, 8.247063054477843, 11.444276764916323, 7.776718367951435, 13.70582446990751, 9.528333199356213, 6.32401812655511, 8.33264995316192, 8.639256755642721, 14.540207824452045, 11.219071695397336, 10.758127840017435, 10.748474097719706, 10.525515028589817, 6.4006304523525825, 5.0898320977416756, 12.082828311841926, 8.128353595707608], [9.008080915947332, 8.061724380289613, 8.175492252552205, 99999999.0, 11.232090164746117, 9.65647322221358, 8.190663693305, 12.19461360227858, 7.6829920858534635, 9.86624430667931, 5.5284682241099246, 7.20897917060157, 7.5281628642954, 10.18674643536093, 14.019408977152029, 12.578136510241222, 8.154432727206338, 6.560936597087558, 6.936312019822973, 14.03656254666794, 12.815456943898784, 7.249219995992037, 14.304837191701255, 5.418478466732408, 6.177142959405424, 14.206016533541863, 13.062949682687982, 7.15623613537619, 8.453073813678841, 11.111635654707007], [12.927041098541222, 12.522413823229597, 11.78320978108782, 11.232090164746117, 99999999.0, 9.526485916377393, 11.231263957329958, 9.552070113819987, 14.196194847055146, 11.565948430762274, 5.818347987087309, 9.116166640284316, 12.772515537724344, 11.527483798085907, 8.557144018719145, 13.252960705147679, 13.927884731837786, 10.050203413038986, 13.567779067027454, 11.546901903230495, 7.01100522112399, 9.065816895617468, 14.27457920620893, 14.348235974625057, 8.715333561398957, 11.498723465449665, 8.108907259544145, 5.021378395712464, 11.060054076446258, 9.989651971115277], [13.571796144425424, 11.951300056057246, 7.261490231561192, 9.65647322221358, 9.526485916377393, 99999999.0, 8.58459668426529, 6.944690693847571, 13.832960674937421, 10.7477303120489, 7.357301343399967, 8.197654823154114, 6.091168593242738, 10.014956577791319, 8.337488849941655, 6.495379154449102, 10.480384730267946, 8.395357460759154, 10.4539655339981, 11.581963138914805, 8.467881323360423, 11.67401082454394, 14.912718096334643, 8.483578191283875, 10.843807741810725, 10.749526741153131, 7.632049367799051, 9.083306140342241, 10.79774484704802, 6.783317822317666], [11.528919522152576, 8.213957873846464, 7.236905002052589, 8.190663693305, 11.231263957329958, 8.58459668426529, 99999999.0, 5.369030927385814, 11.972949401377992, 9.803174401926476, 8.314976234729535, 6.516870339891156, 14.929879521274056, 14.743404375303896, 5.250884003688658, 12.279285324318874, 12.308705619654488, 5.616188886557839, 7.053804272180518, 6.45153208545826, 9.148884441717325, 5.170499126780241, 13.218725357947235, 9.464918155236802, 8.536868700783698, 8.861750962502649, 12.142416281543992, 10.64347664610871, 9.738563984486488, 10.945246418187347], [8.268608362421695, 9.965107440670018, 12.788429917180945, 12.19461360227858, 9.552070113819987, 6.944690693847571, 5.369030927385814, 99999999.0, 9.815449515583218, 12.22885002584184, 14.629707852546654, 13.000759212906791, 7.109036489642641, 12.412012865520065, 5.678328173147671, 14.930003494442715, 11.84520331902446, 6.616186161354854, 12.598764535208524, 6.097517582273451, 10.1967417124158, 14.064893350909799, 10.556482668345144, 7.6446217269686665, 10.914174955612992, 9.844585794665466, 9.138242302373442, 6.629296558661171, 12.427816234815586, 9.854231102241695], [13.590989147534259, 8.195375343174092, 11.450776770034377, 7.6829920858534635, 14.196194847055146, 13.832960674937421, 11.972949401377992, 9.815449515583218, 99999999.0, 7.349173384929884, 7.701710730259608, 9.698491317101642, 10.886451290282821, 8.790771589878185, 7.455441042467978, 13.313098434490264, 8.835554555257268, 9.183394574148046, 9.355497705383227, 5.5663354338309805, 14.941589422330123, 5.995503108310476, 12.885832256805937, 14.93382053963829, 10.364975376260066, 5.8382569759226834, 9.473210026303866, 8.074005549199711, 9.936723362801711, 6.766214616299905], [5.4494692983965685, 14.234880895215062, 5.669803230114308, 9.86624430667931, 11.565948430762274, 10.7477303120489, 9.803174401926476, 12.22885002584184, 7.349173384929884, 99999999.0, 5.466995742859981, 13.50418543100643, 12.329187157149658, 11.50541889090461, 8.422439990508627, 12.389919752992855, 7.914921392148636, 12.332144173536836, 13.102663010020155, 6.60109160843802, 13.144023181087126, 8.791971174027099, 10.707990443937732, 9.10783837589921, 5.01983918882956, 5.669484684243146, 14.395846879424068, 7.7184361653397175, 8.084542389948968, 5.794155240270986], [9.533678143597788, 6.714143856745688, 13.282084656939174, 5.5284682241099246, 5.818347987087309, 7.357301343399967, 8.314976234729535, 14.629707852546654, 7.701710730259608, 5.466995742859981, 99999999.0, 6.639038525440823, 12.207523825287446, 6.0605688414938, 10.833685245542318, 12.830794324866131, 9.695549343145629, 7.114384238687773, 5.713282622793416, 6.5344120495155735, 5.656506672197139, 7.730643715521669, 5.098952910350482, 12.590155814739965, 14.283069310870157, 8.579679427125695, 6.511241437539644, 12.600461036374975, 5.163587321531752, 12.473083293862752], [11.092145824438198, 8.526496860424555, 7.6692743383177175, 7.20897917060157, 9.116166640284316, 8.197654823154114, 6.516870339891156, 13.000759212906791, 9.698491317101642, 13.50418543100643, 6.639038525440823, 99999999.0, 5.8952389947875306, 12.832744151650308, 12.017972219394762, 14.857015717095782, 13.416230750967602, 12.526355547043856, 8.654853524483517, 10.726361390054226, 5.943130615528897, 8.959767712966224, 8.497247067073477, 8.12101315923082, 13.348646056708716, 10.707853603276277, 9.706834892114067, 10.297361492185626, 13.114705618212394, 12.585414160590307], [11.085082448248055, 14.366649491701466, 6.6742305825139265, 7.5281628642954, 12.772515537724344, 6.091168593242738, 14.929879521274056, 7.109036489642641, 10.886451290282821, 12.329187157149658, 12.207523825287446, 5.8952389947875306, 99999999.0, 13.35403208795735, 14.900886332631158, 9.94882429113628, 14.658389975076904, 9.087378680127541, 8.546561969293407, 8.096567781379024, 5.094207824020288, 12.212230677942017, 7.7559457396679, 5.981202691676969, 5.191509765007492, 14.936831594415692, 5.192958622727125, 14.953927683557847, 6.470177519300294, 6.827087944546585], [5.701012942448892, 7.144246317178219, 8.247063054477843, 10.18674643536093, 11.527483798085907, 10.014956577791319, 14.743404375303896, 12.412012865520065, 8.790771589878185, 11.50541889090461, 6.0605688414938, 12.832744151650308, 13.35403208795735, 99999999.0, 8.163598212981515, 12.244341237031204, 10.923992518613979, 12.482833880082527, 5.10776562630242, 7.567235236031693, 13.919985361521352, 10.438803435939448, 13.407870330005224, 13.855091804744339, 13.89053712500441, 14.558837193656215, 5.491742895839984, 8.211522154677105, 6.0167833994859885, 14.824841540235216], [9.515110698012093, 5.175128878399855, 11.444276764916323, 14.019408977152029, 8.557144018719145, 8.337488849941655, 5.250884003688658, 5.678328173147671, 7.455441042467978, 8.422439990508627, 10.833685245542318, 12.017972219394762, 14.900886332631158, 8.163598212981515, 99999999.0, 11.217968228995973, 12.40644823791444, 11.333121096264463, 13.642574323899723, 7.317130035312721, 7.857365361416461, 14.687398772953589, 11.874735320071867, 6.854404844179131, 9.123039743530198, 5.949029156168391, 12.563163066422652, 9.59357860102729, 8.216890106740756, 6.328191469851587], [10.499365515168545, 5.265813124979352, 7.776718367951435, 12.578136510241222, 13.252960705147679, 6.495379154449102, 12.279285324318874, 14.930003494442715, 13.313098434490264, 12.389919752992855, 12.830794324866131, 14.857015717095782, 9.94882429113628, 12.244341237031204, 11.217968228995973, 99999999.0, 11.646596376908, 14.59158706698767, 11.019869859621146, 10.307505899681946, 9.072572845129656, 7.886307442434582, 7.56185251881165, 5.171237763045968, 13.867882470984089, 10.35307975056287, 8.347984147996913, 6.070967357371327, 10.418483453583175, 10.136043549583214], [10.193547287309826, 8.31967475579133, 13.70582446990751, 8.154432727206338, 13.927884731837786, 10.480384730267946, 12.308705619654488, 11.84520331902446, 8.835554555257268, 7.914921392148636, 9.695549343145629, 13.416230750967602, 14.658389975076904, 10.923992518613979, 12.40644823791444, 11.646596376908, 99999999.0, 5.287126687564937, 12.189437048141707, 6.231924167562713, 6.671022418189097, 11.006023380427816, 6.142030296809541, 13.898650933799665, 8.478284550076207, 8.751527633208978, 9.953041842547824, 11.034866713299973, 11.615321847594657, 5.9960870435402525], [5.933873863228976, 6.327485113751368, 9.528333199356213, 6.560936597087558, 10.050203413038986, 8.395357460759154, 5.616188886557839, 6.616186161354854, 9.183394574148046, 12.332144173536836, 7.114384238687773, 12.526355547043856, 9.087378680127541, 12.482833880082527, 11.333121096264463, 14.59158706698767, 5.287126687564937, 99999999.0, 11.841946867522203, 13.355153717245722, 14.482019245553548, 13.280272687601292, 6.0285239917696245, 8.774289698955243, 6.779119767014668, 9.258300650199747, 7.900359892867992, 10.472210046160374, 10.610381931424305, 14.531880813842097], [5.029130642932524, 7.738865535291957, 6.32401812655511, 6.936312019822973, 13.567779067027454, 10.4539655339981, 7.053804272180518, 12.598764535208524, 9.355497705383227, 13.102663010020155, 5.713282622793416, 8.654853524483517, 8.546561969293407, 5.10776562630242, 13.642574323899723, 11.019869859621146, 12.189437048141707, 11.841946867522203, 99999999.0, 8.294470399990395, 7.345761226644308, 14.231540314914051, 8.849011548135602, 9.91817361774692, 10.435804899873586, 11.67982513812533, 11.882957545572905, 12.629124669503017, 6.512641272316829, 6.515665973257496], [5.617002822611694, 5.271803119064915, 8.33264995316192, 14.03656254666794, 11.546901903230495, 11.581963138914805, 6.45153208545826, 6.097517582273451, 5.5663354338309805, 6.60109160843802, 6.5344120495155735, 10.726361390054226, 8.096567781379024, 7.567235236031693, 7.317130035312721, 10.307505899681946, 6.231924167562713, 13.355153717245722, 8.294470399990395, 99999999.0, 12.268811577872544, 6.830035416384517, 10.940291186412798, 14.718703870159297, 9.158844580849578, 6.082783624143459, 8.891606470903584, 6.369620488834299, 7.603852669644723, 7.214014308084099], [13.365388602707151, 14.005915921509821, 8.639256755642721, 12.815456943898784, 7.01100522112399, 8.467881323360423, 9.148884441717325, 10.1967417124158, 14.941589422330123, 13.144023181087126, 5.656506672197139, 5.943130615528897, 5.094207824020288, 13.919985361521352, 7.857365361416461, 9.072572845129656, 6.671022418189097, 14.482019245553548, 7.345761226644308, 12.268811577872544, 99999999.0, 13.048881204427401, 11.697041940015252, 8.443734090696017, 12.4883637619597, 12.631018258394409, 6.5284871800874535, 13.767288944651646, 8.75324086764638, 14.074700981735894], [5.913365231669169, 10.042725455977223, 14.540207824452045, 7.249219995992037, 9.065816895617468, 11.67401082454394, 5.170499126780241, 14.064893350909799, 5.995503108310476, 8.791971174027099, 7.730643715521669, 8.959767712966224, 12.212230677942017, 10.438803435939448, 14.687398772953589, 7.886307442434582, 11.006023380427816, 13.280272687601292, 14.231540314914051, 6.830035416384517, 13.048881204427401, 99999999.0, 10.299736884253788, 10.432621130066675, 8.060180820927147, 7.741355310634423, 11.952279873069855, 12.430163575540433, 14.836736799959965, 13.171965463443001], [11.038296954876703, 8.041943336264254, 11.219071695397336, 14.304837191701255, 14.27457920620893, 14.912718096334643, 13.218725357947235, 10.556482668345144, 12.885832256805937, 10.707990443937732, 5.098952910350482, 8.497247067073477, 7.7559457396679, 13.407870330005224, 11.874735320071867, 7.56185251881165, 6.142030296809541, 6.0285239917696245, 8.849011548135602, 10.940291186412798, 11.697041940015252, 10.299736884253788, 99999999.0, 10.563696607522424, 7.033175585620474, 12.13344011396533, 5.9708476586648676, 6.334336281093602, 11.503494136787616, 5.823560846572862], [10.588853769132488, 12.375569890310132, 10.758127840017435, 5.418478466732408, 14.348235974625057, 8.483578191283875, 9.464918155236802, 7.6446217269686665, 14.93382053963829, 9.10783837589921, 12.590155814739965, 8.12101315923082, 5.981202691676969, 13.855091804744339, 6.854404844179131, 5.171237763045968, 13.898650933799665, 8.774289698955243, 9.91817361774692, 14.718703870159297, 8.443734090696017, 10.432621130066675, 10.563696607522424, 99999999.0, 11.71989764788607, 11.74518876967564, 7.80524294531232, 13.887159515142566, 11.006640848420481, 5.1756563666256605], [5.901327425140865, 11.616323405349943, 10.748474097719706, 6.177142959405424, 8.715333561398957, 10.843807741810725, 8.536868700783698, 10.914174955612992, 10.364975376260066, 5.01983918882956, 14.283069310870157, 13.348646056708716, 5.191509765007492, 13.89053712500441, 9.123039743530198, 13.867882470984089, 8.478284550076207, 6.779119767014668, 10.435804899873586, 9.158844580849578, 12.4883637619597, 8.060180820927147, 7.033175585620474, 11.71989764788607, 99999999.0, 8.2818748811878, 8.113101354722883, 10.782933704714532, 10.278628476328585, 8.838513167173634], [8.768111794597074, 12.344526154852069, 10.525515028589817, 14.206016533541863, 11.498723465449665, 10.749526741153131, 8.861750962502649, 9.844585794665466, 5.8382569759226834, 5.669484684243146, 8.579679427125695, 10.707853603276277, 14.936831594415692, 14.558837193656215, 5.949029156168391, 10.35307975056287, 8.751527633208978, 9.258300650199747, 11.67982513812533, 6.082783624143459, 12.631018258394409, 7.741355310634423, 12.13344011396533, 11.74518876967564, 8.2818748811878, 99999999.0, 8.738817402031149, 9.89421935766713, 10.618667035444247, 11.105259135346662], [6.582993098956646, 13.56051682839014, 6.4006304523525825, 13.062949682687982, 8.108907259544145, 7.632049367799051, 12.142416281543992, 9.138242302373442, 9.473210026303866, 14.395846879424068, 6.511241437539644, 9.706834892114067, 5.192958622727125, 5.491742895839984, 12.563163066422652, 8.347984147996913, 9.953041842547824, 7.900359892867992, 11.882957545572905, 8.891606470903584, 6.5284871800874535, 11.952279873069855, 5.9708476586648676, 7.80524294531232, 8.113101354722883, 8.738817402031149, 99999999.0, 5.920966619874763, 6.452107407087335, 14.207475023618596], [13.189436914905055, 10.124014181865068, 5.0898320977416756, 7.15623613537619, 5.021378395712464, 9.083306140342241, 10.64347664610871, 6.629296558661171, 8.074005549199711, 7.7184361653397175, 12.600461036374975, 10.297361492185626, 14.953927683557847, 8.211522154677105, 9.59357860102729, 6.070967357371327, 11.034866713299973, 10.472210046160374, 12.629124669503017, 6.369620488834299, 13.767288944651646, 12.430163575540433, 6.334336281093602, 13.887159515142566, 10.782933704714532, 9.89421935766713, 5.920966619874763, 99999999.0, 6.7575994948655085, 8.960343010958644], [11.475870560839864, 13.593816451191964, 12.082828311841926, 8.453073813678841, 11.060054076446258, 10.79774484704802, 9.738563984486488, 12.427816234815586, 9.936723362801711, 8.084542389948968, 5.163587321531752, 13.114705618212394, 6.470177519300294, 6.0167833994859885, 8.216890106740756, 10.418483453583175, 11.615321847594657, 10.610381931424305, 6.512641272316829, 7.603852669644723, 8.75324086764638, 14.836736799959965, 11.503494136787616, 11.006640848420481, 10.278628476328585, 10.618667035444247, 6.452107407087335, 6.7575994948655085, 99999999.0, 10.620472776290043], [9.191693872473992, 11.578167714514624, 8.128353595707608, 11.111635654707007, 9.989651971115277, 6.783317822317666, 10.945246418187347, 9.854231102241695, 6.766214616299905, 5.794155240270986, 12.473083293862752, 12.585414160590307, 6.827087944546585, 14.824841540235216, 6.328191469851587, 10.136043549583214, 5.9960870435402525, 14.531880813842097, 6.515665973257496, 7.214014308084099, 14.074700981735894, 13.171965463443001, 5.823560846572862, 5.1756563666256605, 8.838513167173634, 11.105259135346662, 14.207475023618596, 8.960343010958644, 10.620472776290043, 99999999.0]];
