M = 99999999.0;
numWorkers = 25;
numRoles = 4;
numNodes = 30;
wStart = [0, 105.53844263293152, 332.06290504511236, 331.52344411211857, 339.3009085593339, 355.65198851993387, 74.17201019861884, 327.75188262683616, 176.80587380696934, 352.5439882292908, 159.35063750665458, 293.4836063564153, 393.012125194405, 290.25589647140174, 71.78818546997933, 46.93185729232568, 1.8869932571734873, 352.5905012348549, 90.4146478762927, 21.209236905440182, 289.3666278210833, 249.26682514096956, 9.578510652539933, 223.88392202659307, 189.4544640706545, 139.3635223603183, 326.83900559991565, 394.5515483697758, 46.25456396590659, 0];
wEnd = [0, 133.5583907649679, 371.56057148902426, 359.3111892614245, 373.23672065275554, 394.2894225503319, 113.26911095353282, 360.2297434924194, 202.52097185098367, 377.6725148764045, 189.724659173058, 328.78386438052775, 421.2398806170233, 321.9723527143345, 102.85956210432775, 78.15409828676525, 27.195243050293367, 381.1109832062896, 123.63104212696346, 54.11953131389495, 328.5804650085579, 278.46861291709916, 42.90637404555671, 256.79221981888844, 229.45286865208675, 168.07513106486132, 366.1954601283346, 429.91209730162683, 77.58103386084292, 450];
p = [0, 7.6782756569835025, 18.009663011692382, 15.165647545251671, 15.40216126579144, 13.05506728713868, 16.020693314201814, 20.144702393778427, 11.982756336589107, 13.153443239692416, 14.157925361018863, 21.663616530114545, 16.980911829906233, 10.47583781915395, 16.935522781264535, 11.269346528471333, 15.286401537551875, 8.648089739671105, 10.150531721226287, 9.72230505882618, 24.752661320568922, 17.4905423171893, 11.403834828206685, 19.5373621166343, 15.092039639588112, 11.541602002926213, 18.34559587277853, 9.389305252508477, 19.479784573161133, 0];
e = [[1, 0, 0, 1], [0, 0, 1, 1], [1, 1, 0, 0], [0, 1, 0, 1], [1, 0, 1, 0], [0, 1, 0, 1], [1, 1, 0, 0], [0, 0, 1, 1], [0, 1, 0, 1], [1, 1, 0, 0], [0, 1, 1, 0], [1, 0, 1, 0], [0, 0, 1, 1], [1, 0, 1, 0], [1, 0, 1, 0], [1, 0, 0, 0], [0, 0, 1, 0], [0, 0, 0, 1], [1, 0, 0, 0], [0, 0, 1, 0], [0, 1, 0, 0], [0, 0, 0, 1], [0, 1, 0, 0], [0, 1, 0, 0], [0, 0, 0, 1]];
d = [[3, 0, 4, 2, 4, 2, 2, 3, 0, 1, 2, 2, 1, 1, 1, 2, 1, 1, 2, 1, 1, 1, 2, 1, 2, 1, 2, 2], [2, 2, 0, 0, 3, 1, 2, 0, 3, 1, 3, 3, 0, 2, 0, 0, 1, 2, 0, 2, 1, 2, 1, 2, 1, 3, 2, 4], [0, 2, 2, 1, 0, 2, 0, 0, 3, 1, 1, 2, 1, 3, 2, 0, 2, 2, 0, 2, 0, 0, 0, 0, 1, 1, 1, 0], [1, 1, 2, 0, 1, 3, 3, 5, 1, 4, 1, 1, 2, 1, 2, 3, 2, 2, 2, 1, 1, 2, 3, 1, 3, 1, 2, 1]];
r = [854.077915156768, 2466.831654582435, 1989.0531967689383, 1430.668580735632, 2132.2135024797017, 1999.3716768008392, 1050.6111577844988, 1696.1479856786184, 1651.543314966003, 852.895910002513, 1664.9739979306864, 1350.5246954881663, 556.2360564762088, 1724.4405429559838, 1030.7057641738038, 2634.406160381776, 927.174992318486, 1262.9662862671148, 1033.9272925856628, 3215.460166860977, 2645.4266719666034, 1905.370969275425, 1782.9771759564892, 866.7107628090906, 1536.0403423925063, 1302.7732765359656, 1480.5781034319084, 1620.1237039279806];
b = [[[0.0, 0.0, 0.0, 0.0, 0.0, 0.0, 0.0, 0.0, 0.0, 0.0, 0.0, 0.0, 0.0, 0.0, 0.0, 0.0, 0.0, 0.0, 0.0, 0.0, 0.0, 0.0, 0.0, 0.0, 0.0, 0.0, 0.0, 0.0], [0.0, 0.0, 0.0, 0.0, 0.0, 0.0, 0.0, 0.0, 0.0, 0.0, 0.0, 0.0, 0.0, 0.0, 0.0, 0.0, 0.0, 0.0, 0.0, 0.0, 0.0, 0.0, 0.0, 0.0, 0.0, 0.0, 0.0, 0.0], [0.0, 0.0, 0.0, 0.0, 0.0, 0.0, 0.0, 0.0, 0.0, 0.0, 0.0, 0.0, 0.0, 0.0, 0.0, 0.0, 0.0, 0.0, 0.0, 0.0, 0.0, 0.0, 0.0, 0.0, 0.0, 0.0, 0.0, 0.0], [0.0, 0.0, 0.0, 0.0, 0.0, 0.0, 0.0, 0.0, 0.0, 0.0, 0.0, 0.0, 0.0, 0.0, 0.0, 0.0, 0.0, 0.0, 0.0, 0.0, 0.0, 0.0, 0.0, 0.0, 0.0, 0.0, 0.0, 0.0]], [[0.0, 0.0, 0.0, 0.0, 0.0, 0.0, 0.0, 0.0, 0.0, 0.0, 0.0, 0.0, 0.0, 0.0, 0.0, 0.0, 0.0, 0.0, 0.0, 0.0, 0.0, 0.0, 0.0, 0.0, 0.0, 0.0, 0.0, 0.0], [0.0, 0.0, 0.0, 0.0, 0.0, 0.0, 0.0, 0.0, 0.0, 0.0, 0.0, 0.0, 0.0, 0.0, 0.0, 0.0, 0.0, 0.0, 0.0, 0.0, 0.0, 0.0, 0.0, 0.0, 0.0, 0.0, 0.0, 0.0], [0.0, 0.0, 0.0, 0.0, 0.0, 0.0, 0.0, 0.0, 0.0, 0.0, 0.0, 0.0, 0.0, 0.0, 0.0, 0.0, 0.0, 0.0, 0.0, 0.0, 0.0, 0.0, 0.0, 0.0, 0.0, 0.0, 0.0, 0.0], [0.0, 0.0, 0.0, 0.0, 0.0, 0.0, 0.0, 0.0, 0.0, 0.0, 0.0, 0.0, 0.0, 0.0, 0.0, 0.0, 0.0, 0.0, 0.0, 0.0, 0.0, 0.0, 0.0, 0.0, 0.0, 0.0, 0.0, 0.0]], [[0.0, 0.0, 0.0, 0.0, 0.0, 0.0, 0.0, 0.0, 0.0, 0.0, 0.0, 0.0, 0.0, 0.0, 0.0, 0.0, 0.0, 0.0, 0.0, 0.0, 0.0, 0.0, 0.0, 0.0, 0.0, 0.0, 0.0, 0.0], [0.0, 0.0, 0.0, 0.0, 0.0, 0.0, 0.0, 0.0, 0.0, 0.0, 0.0, 0.0, 0.0, 0.0, 0.0, 0.0, 0.0, 0.0, 0.0, 0.0, 0.0, 0.0, 0.0, 0.0, 0.0, 0.0, 0.0, 0.0], [0.0, 0.0, 0.0, 0.0, 0.0, 0.0, 0.0, 0.0, 0.0, 0.0, 0.0, 0.0, 0.0, 0.0, 0.0, 0.0, 0.0, 0.0, 0.0, 0.0, 0.0, 0.0, 0.0, 0.0, 0.0, 0.0, 0.0, 0.0], [0.0, 0.0, 0.0, 0.0, 0.0, 0.0, 0.0, 0.0, 0.0, 0.0, 0.0, 0.0, 0.0, 0.0, 0.0, 0.0, 0.0, 0.0, 0.0, 0.0, 0.0, 0.0, 0.0, 0.0, 0.0, 0.0, 0.0, 0.0]], [[0.0, 0.0, 0.0, 0.0, 0.0, 0.0, 0.0, 0.0, 0.0, 0.0, 0.0, 0.0, 0.0, 0.0, 0.0, 0.0, 0.0, 0.0, 0.0, 0.0, 0.0, 0.0, 0.0, 0.0, 0.0, 0.0, 0.0, 0.0], [0.0, 0.0, 0.0, 0.0, 0.0, 0.0, 0.0, 0.0, 0.0, 0.0, 0.0, 0.0, 0.0, 0.0, 0.0, 0.0, 0.0, 0.0, 0.0, 0.0, 0.0, 0.0, 0.0, 0.0, 0.0, 0.0, 0.0, 0.0], [0.0, 0.0, 0.0, 0.0, 0.0, 0.0, 0.0, 0.0, 0.0, 0.0, 0.0, 0.0, 0.0, 0.0, 0.0, 0.0, 0.0, 0.0, 0.0, 0.0, 0.0, 0.0, 0.0, 0.0, 0.0, 0.0, 0.0, 0.0], [0.0, 0.0, 0.0, 0.0, 0.0, 0.0, 0.0, 0.0, 0.0, 0.0, 0.0, 0.0, 0.0, 0.0, 0.0, 0.0, 0.0, 0.0, 0.0, 0.0, 0.0, 0.0, 0.0, 0.0, 0.0, 0.0, 0.0, 0.0]], [[0.0, 0.0, 0.0, 0.0, 0.0, 0.0, 0.0, 0.0, 0.0, 0.0, 0.0, 0.0, 0.0, 0.0, 0.0, 0.0, 0.0, 0.0, 0.0, 0.0, 0.0, 0.0, 0.0, 0.0, 0.0, 0.0, 0.0, 0.0], [0.0, 0.0, 0.0, 0.0, 0.0, 0.0, 0.0, 0.0, 0.0, 0.0, 0.0, 0.0, 0.0, 0.0, 0.0, 0.0, 0.0, 0.0, 0.0, 0.0, 0.0, 0.0, 0.0, 0.0, 0.0, 0.0, 0.0, 0.0], [0.0, 0.0, 0.0, 0.0, 0.0, 0.0, 0.0, 0.0, 0.0, 0.0, 0.0, 0.0, 0.0, 0.0, 0.0, 0.0, 0.0, 0.0, 0.0, 0.0, 0.0, 0.0, 0.0, 0.0, 0.0, 0.0, 0.0, 0.0], [0.0, 0.0, 0.0, 0.0, 0.0, 0.0, 0.0, 0.0, 0.0, 0.0, 0.0, 0.0, 0.0, 0.0, 0.0, 0.0, 0.0, 0.0, 0.0, 0.0, 0.0, 0.0, 0.0, 0.0, 0.0, 0.0, 0.0, 0.0]], [[0.0, 0.0, 0.0, 0.0, 0.0, 0.0, 0.0, 0.0, 0.0, 0.0, 0.0, 0.0, 0.0, 0.0, 0.0, 0.0, 0.0, 0.0, 0.0, 0.0, 0.0, 0.0, 0.0, 0.0, 0.0, 0.0, 0.0, 0.0], [0.0, 0.0, 0.0, 0.0, 0.0, 0.0, 0.0, 0.0, 0.0, 0.0, 0.0, 0.0, 0.0, 0.0, 0.0, 0.0, 0.0, 0.0, 0.0, 0.0, 0.0, 0.0, 0.0, 0.0, 0.0, 0.0, 0.0, 0.0], [0.0, 0.0, 0.0, 0.0, 0.0, 0.0, 0.0, 0.0, 0.0, 0.0, 0.0, 0.0, 0.0, 0.0, 0.0, 0.0, 0.0, 0.0, 0.0, 0.0, 0.0, 0.0, 0.0, 0.0, 0.0, 0.0, 0.0, 0.0], [0.0, 0.0, 0.0, 0.0, 0.0, 0.0, 0.0, 0.0, 0.0, 0.0, 0.0, 0.0, 0.0, 0.0, 0.0, 0.0, 0.0, 0.0, 0.0, 0.0, 0.0, 0.0, 0.0, 0.0, 0.0, 0.0, 0.0, 0.0]], [[0.0, 0.0, 0.0, 0.0, 0.0, 0.0, 0.0, 0.0, 0.0, 0.0, 0.0, 0.0, 0.0, 0.0, 0.0, 0.0, 0.0, 0.0, 0.0, 0.0, 0.0, 0.0, 0.0, 0.0, 0.0, 0.0, 0.0, 0.0], [0.0, 0.0, 0.0, 0.0, 0.0, 0.0, 0.0, 0.0, 0.0, 0.0, 0.0, 0.0, 0.0, 0.0, 0.0, 0.0, 0.0, 0.0, 0.0, 0.0, 0.0, 0.0, 0.0, 0.0, 0.0, 0.0, 0.0, 0.0], [0.0, 0.0, 0.0, 0.0, 0.0, 0.0, 0.0, 0.0, 0.0, 0.0, 0.0, 0.0, 0.0, 0.0, 0.0, 0.0, 0.0, 0.0, 0.0, 0.0, 0.0, 0.0, 0.0, 0.0, 0.0, 0.0, 0.0, 0.0], [0.0, 0.0, 0.0, 0.0, 0.0, 0.0, 0.0, 0.0, 0.0, 0.0, 0.0, 0.0, 0.0, 0.0, 0.0, 0.0, 0.0, 0.0, 0.0, 0.0, 0.0, 0.0, 0.0, 0.0, 0.0, 0.0, 0.0, 0.0]], [[0.0, 0.0, 0.0, 0.0, 0.0, 0.0, 0.0, 0.0, 0.0, 0.0, 0.0, 0.0, 0.0, 0.0, 0.0, 0.0, 0.0, 0.0, 0.0, 0.0, 0.0, 0.0, 0.0, 0.0, 0.0, 0.0, 0.0, 0.0], [0.0, 0.0, 0.0, 0.0, 0.0, 0.0, 0.0, 0.0, 0.0, 0.0, 0.0, 0.0, 0.0, 0.0, 0.0, 0.0, 0.0, 0.0, 0.0, 0.0, 0.0, 0.0, 0.0, 0.0, 0.0, 0.0, 0.0, 0.0], [0.0, 0.0, 0.0, 0.0, 0.0, 0.0, 0.0, 0.0, 0.0, 0.0, 0.0, 0.0, 0.0, 0.0, 0.0, 0.0, 0.0, 0.0, 0.0, 0.0, 0.0, 0.0, 0.0, 0.0, 0.0, 0.0, 0.0, 0.0], [0.0, 0.0, 0.0, 0.0, 0.0, 0.0, 0.0, 0.0, 0.0, 0.0, 0.0, 0.0, 0.0, 0.0, 0.0, 0.0, 0.0, 0.0, 0.0, 0.0, 0.0, 0.0, 0.0, 0.0, 0.0, 0.0, 0.0, 0.0]], [[0.0, 0.0, 0.0, 0.0, 0.0, 0.0, 0.0, 0.0, 0.0, 0.0, 0.0, 0.0, 0.0, 0.0, 0.0, 0.0, 0.0, 0.0, 0.0, 0.0, 0.0, 0.0, 0.0, 0.0, 0.0, 0.0, 0.0, 0.0], [0.0, 0.0, 0.0, 0.0, 0.0, 0.0, 0.0, 0.0, 0.0, 0.0, 0.0, 0.0, 0.0, 0.0, 0.0, 0.0, 0.0, 0.0, 0.0, 0.0, 0.0, 0.0, 0.0, 0.0, 0.0, 0.0, 0.0, 0.0], [0.0, 0.0, 0.0, 0.0, 0.0, 0.0, 0.0, 0.0, 0.0, 0.0, 0.0, 0.0, 0.0, 0.0, 0.0, 0.0, 0.0, 0.0, 0.0, 0.0, 0.0, 0.0, 0.0, 0.0, 0.0, 0.0, 0.0, 0.0], [0.0, 0.0, 0.0, 0.0, 0.0, 0.0, 0.0, 0.0, 0.0, 0.0, 0.0, 0.0, 0.0, 0.0, 0.0, 0.0, 0.0, 0.0, 0.0, 0.0, 0.0, 0.0, 0.0, 0.0, 0.0, 0.0, 0.0, 0.0]], [[0.0, 0.0, 0.0, 0.0, 0.0, 0.0, 0.0, 0.0, 0.0, 0.0, 0.0, 0.0, 0.0, 0.0, 0.0, 0.0, 0.0, 0.0, 0.0, 0.0, 0.0, 0.0, 0.0, 0.0, 0.0, 0.0, 0.0, 0.0], [0.0, 0.0, 0.0, 0.0, 0.0, 0.0, 0.0, 0.0, 0.0, 0.0, 0.0, 0.0, 0.0, 0.0, 0.0, 0.0, 0.0, 0.0, 0.0, 0.0, 0.0, 0.0, 0.0, 0.0, 0.0, 0.0, 0.0, 0.0], [0.0, 0.0, 0.0, 0.0, 0.0, 0.0, 0.0, 0.0, 0.0, 0.0, 0.0, 0.0, 0.0, 0.0, 0.0, 0.0, 0.0, 0.0, 0.0, 0.0, 0.0, 0.0, 0.0, 0.0, 0.0, 0.0, 0.0, 0.0], [0.0, 0.0, 0.0, 0.0, 0.0, 0.0, 0.0, 0.0, 0.0, 0.0, 0.0, 0.0, 0.0, 0.0, 0.0, 0.0, 0.0, 0.0, 0.0, 0.0, 0.0, 0.0, 0.0, 0.0, 0.0, 0.0, 0.0, 0.0]], [[0.0, 0.0, 0.0, 0.0, 0.0, 0.0, 0.0, 0.0, 0.0, 0.0, 0.0, 0.0, 0.0, 0.0, 0.0, 0.0, 0.0, 0.0, 0.0, 0.0, 0.0, 0.0, 0.0, 0.0, 0.0, 0.0, 0.0, 0.0], [0.0, 0.0, 0.0, 0.0, 0.0, 0.0, 0.0, 0.0, 0.0, 0.0, 0.0, 0.0, 0.0, 0.0, 0.0, 0.0, 0.0, 0.0, 0.0, 0.0, 0.0, 0.0, 0.0, 0.0, 0.0, 0.0, 0.0, 0.0], [0.0, 0.0, 0.0, 0.0, 0.0, 0.0, 0.0, 0.0, 0.0, 0.0, 0.0, 0.0, 0.0, 0.0, 0.0, 0.0, 0.0, 0.0, 0.0, 0.0, 0.0, 0.0, 0.0, 0.0, 0.0, 0.0, 0.0, 0.0], [0.0, 0.0, 0.0, 0.0, 0.0, 0.0, 0.0, 0.0, 0.0, 0.0, 0.0, 0.0, 0.0, 0.0, 0.0, 0.0, 0.0, 0.0, 0.0, 0.0, 0.0, 0.0, 0.0, 0.0, 0.0, 0.0, 0.0, 0.0]], [[0.0, 0.0, 0.0, 0.0, 0.0, 0.0, 0.0, 0.0, 0.0, 0.0, 0.0, 0.0, 0.0, 0.0, 0.0, 0.0, 0.0, 0.0, 0.0, 0.0, 0.0, 0.0, 0.0, 0.0, 0.0, 0.0, 0.0, 0.0], [0.0, 0.0, 0.0, 0.0, 0.0, 0.0, 0.0, 0.0, 0.0, 0.0, 0.0, 0.0, 0.0, 0.0, 0.0, 0.0, 0.0, 0.0, 0.0, 0.0, 0.0, 0.0, 0.0, 0.0, 0.0, 0.0, 0.0, 0.0], [0.0, 0.0, 0.0, 0.0, 0.0, 0.0, 0.0, 0.0, 0.0, 0.0, 0.0, 0.0, 0.0, 0.0, 0.0, 0.0, 0.0, 0.0, 0.0, 0.0, 0.0, 0.0, 0.0, 0.0, 0.0, 0.0, 0.0, 0.0], [0.0, 0.0, 0.0, 0.0, 0.0, 0.0, 0.0, 0.0, 0.0, 0.0, 0.0, 0.0, 0.0, 0.0, 0.0, 0.0, 0.0, 0.0, 0.0, 0.0, 0.0, 0.0, 0.0, 0.0, 0.0, 0.0, 0.0, 0.0]], [[0.0, 0.0, 0.0, 0.0, 0.0, 0.0, 0.0, 0.0, 0.0, 0.0, 0.0, 0.0, 0.0, 0.0, 0.0, 0.0, 0.0, 0.0, 0.0, 0.0, 0.0, 0.0, 0.0, 0.0, 0.0, 0.0, 0.0, 0.0], [0.0, 0.0, 0.0, 0.0, 0.0, 0.0, 0.0, 0.0, 0.0, 0.0, 0.0, 0.0, 0.0, 0.0, 0.0, 0.0, 0.0, 0.0, 0.0, 0.0, 0.0, 0.0, 0.0, 0.0, 0.0, 0.0, 0.0, 0.0], [0.0, 0.0, 0.0, 0.0, 0.0, 0.0, 0.0, 0.0, 0.0, 0.0, 0.0, 0.0, 0.0, 0.0, 0.0, 0.0, 0.0, 0.0, 0.0, 0.0, 0.0, 0.0, 0.0, 0.0, 0.0, 0.0, 0.0, 0.0], [0.0, 0.0, 0.0, 0.0, 0.0, 0.0, 0.0, 0.0, 0.0, 0.0, 0.0, 0.0, 0.0, 0.0, 0.0, 0.0, 0.0, 0.0, 0.0, 0.0, 0.0, 0.0, 0.0, 0.0, 0.0, 0.0, 0.0, 0.0]], [[0.0, 0.0, 0.0, 0.0, 0.0, 0.0, 0.0, 0.0, 0.0, 0.0, 0.0, 0.0, 0.0, 0.0, 0.0, 0.0, 0.0, 0.0, 0.0, 0.0, 0.0, 0.0, 0.0, 0.0, 0.0, 0.0, 0.0, 0.0], [0.0, 0.0, 0.0, 0.0, 0.0, 0.0, 0.0, 0.0, 0.0, 0.0, 0.0, 0.0, 0.0, 0.0, 0.0, 0.0, 0.0, 0.0, 0.0, 0.0, 0.0, 0.0, 0.0, 0.0, 0.0, 0.0, 0.0, 0.0], [0.0, 0.0, 0.0, 0.0, 0.0, 0.0, 0.0, 0.0, 0.0, 0.0, 0.0, 0.0, 0.0, 0.0, 0.0, 0.0, 0.0, 0.0, 0.0, 0.0, 0.0, 0.0, 0.0, 0.0, 0.0, 0.0, 0.0, 0.0], [0.0, 0.0, 0.0, 0.0, 0.0, 0.0, 0.0, 0.0, 0.0, 0.0, 0.0, 0.0, 0.0, 0.0, 0.0, 0.0, 0.0, 0.0, 0.0, 0.0, 0.0, 0.0, 0.0, 0.0, 0.0, 0.0, 0.0, 0.0]], [[0.0, 0.0, 0.0, 0.0, 0.0, 0.0, 0.0, 0.0, 0.0, 0.0, 0.0, 0.0, 0.0, 0.0, 0.0, 0.0, 0.0, 0.0, 0.0, 0.0, 0.0, 0.0, 0.0, 0.0, 0.0, 0.0, 0.0, 0.0], [0.0, 0.0, 0.0, 0.0, 0.0, 0.0, 0.0, 0.0, 0.0, 0.0, 0.0, 0.0, 0.0, 0.0, 0.0, 0.0, 0.0, 0.0, 0.0, 0.0, 0.0, 0.0, 0.0, 0.0, 0.0, 0.0, 0.0, 0.0], [0.0, 0.0, 0.0, 0.0, 0.0, 0.0, 0.0, 0.0, 0.0, 0.0, 0.0, 0.0, 0.0, 0.0, 0.0, 0.0, 0.0, 0.0, 0.0, 0.0, 0.0, 0.0, 0.0, 0.0, 0.0, 0.0, 0.0, 0.0], [0.0, 0.0, 0.0, 0.0, 0.0, 0.0, 0.0, 0.0, 0.0, 0.0, 0.0, 0.0, 0.0, 0.0, 0.0, 0.0, 0.0, 0.0, 0.0, 0.0, 0.0, 0.0, 0.0, 0.0, 0.0, 0.0, 0.0, 0.0]], [[0.0, 0.0, 0.0, 0.0, 0.0, 0.0, 0.0, 0.0, 0.0, 0.0, 0.0, 0.0, 0.0, 0.0, 0.0, 0.0, 0.0, 0.0, 0.0, 0.0, 0.0, 0.0, 0.0, 0.0, 0.0, 0.0, 0.0, 0.0], [0.0, 0.0, 0.0, 0.0, 0.0, 0.0, 0.0, 0.0, 0.0, 0.0, 0.0, 0.0, 0.0, 0.0, 0.0, 0.0, 0.0, 0.0, 0.0, 0.0, 0.0, 0.0, 0.0, 0.0, 0.0, 0.0, 0.0, 0.0], [0.0, 0.0, 0.0, 0.0, 0.0, 0.0, 0.0, 0.0, 0.0, 0.0, 0.0, 0.0, 0.0, 0.0, 0.0, 0.0, 0.0, 0.0, 0.0, 0.0, 0.0, 0.0, 0.0, 0.0, 0.0, 0.0, 0.0, 0.0], [0.0, 0.0, 0.0, 0.0, 0.0, 0.0, 0.0, 0.0, 0.0, 0.0, 0.0, 0.0, 0.0, 0.0, 0.0, 0.0, 0.0, 0.0, 0.0, 0.0, 0.0, 0.0, 0.0, 0.0, 0.0, 0.0, 0.0, 0.0]], [[0.0, 0.0, 0.0, 0.0, 0.0, 0.0, 0.0, 0.0, 0.0, 0.0, 0.0, 0.0, 0.0, 0.0, 0.0, 0.0, 0.0, 0.0, 0.0, 0.0, 0.0, 0.0, 0.0, 0.0, 0.0, 0.0, 0.0, 0.0], [0.0, 0.0, 0.0, 0.0, 0.0, 0.0, 0.0, 0.0, 0.0, 0.0, 0.0, 0.0, 0.0, 0.0, 0.0, 0.0, 0.0, 0.0, 0.0, 0.0, 0.0, 0.0, 0.0, 0.0, 0.0, 0.0, 0.0, 0.0], [0.0, 0.0, 0.0, 0.0, 0.0, 0.0, 0.0, 0.0, 0.0, 0.0, 0.0, 0.0, 0.0, 0.0, 0.0, 0.0, 0.0, 0.0, 0.0, 0.0, 0.0, 0.0, 0.0, 0.0, 0.0, 0.0, 0.0, 0.0], [0.0, 0.0, 0.0, 0.0, 0.0, 0.0, 0.0, 0.0, 0.0, 0.0, 0.0, 0.0, 0.0, 0.0, 0.0, 0.0, 0.0, 0.0, 0.0, 0.0, 0.0, 0.0, 0.0, 0.0, 0.0, 0.0, 0.0, 0.0]], [[0.0, 0.0, 0.0, 0.0, 0.0, 0.0, 0.0, 0.0, 0.0, 0.0, 0.0, 0.0, 0.0, 0.0, 0.0, 0.0, 0.0, 0.0, 0.0, 0.0, 0.0, 0.0, 0.0, 0.0, 0.0, 0.0, 0.0, 0.0], [0.0, 0.0, 0.0, 0.0, 0.0, 0.0, 0.0, 0.0, 0.0, 0.0, 0.0, 0.0, 0.0, 0.0, 0.0, 0.0, 0.0, 0.0, 0.0, 0.0, 0.0, 0.0, 0.0, 0.0, 0.0, 0.0, 0.0, 0.0], [0.0, 0.0, 0.0, 0.0, 0.0, 0.0, 0.0, 0.0, 0.0, 0.0, 0.0, 0.0, 0.0, 0.0, 0.0, 0.0, 0.0, 0.0, 0.0, 0.0, 0.0, 0.0, 0.0, 0.0, 0.0, 0.0, 0.0, 0.0], [0.0, 0.0, 0.0, 0.0, 0.0, 0.0, 0.0, 0.0, 0.0, 0.0, 0.0, 0.0, 0.0, 0.0, 0.0, 0.0, 0.0, 0.0, 0.0, 0.0, 0.0, 0.0, 0.0, 0.0, 0.0, 0.0, 0.0, 0.0]], [[0.0, 0.0, 0.0, 0.0, 0.0, 0.0, 0.0, 0.0, 0.0, 0.0, 0.0, 0.0, 0.0, 0.0, 0.0, 0.0, 0.0, 0.0, 0.0, 0.0, 0.0, 0.0, 0.0, 0.0, 0.0, 0.0, 0.0, 0.0], [0.0, 0.0, 0.0, 0.0, 0.0, 0.0, 0.0, 0.0, 0.0, 0.0, 0.0, 0.0, 0.0, 0.0, 0.0, 0.0, 0.0, 0.0, 0.0, 0.0, 0.0, 0.0, 0.0, 0.0, 0.0, 0.0, 0.0, 0.0], [0.0, 0.0, 0.0, 0.0, 0.0, 0.0, 0.0, 0.0, 0.0, 0.0, 0.0, 0.0, 0.0, 0.0, 0.0, 0.0, 0.0, 0.0, 0.0, 0.0, 0.0, 0.0, 0.0, 0.0, 0.0, 0.0, 0.0, 0.0], [0.0, 0.0, 0.0, 0.0, 0.0, 0.0, 0.0, 0.0, 0.0, 0.0, 0.0, 0.0, 0.0, 0.0, 0.0, 0.0, 0.0, 0.0, 0.0, 0.0, 0.0, 0.0, 0.0, 0.0, 0.0, 0.0, 0.0, 0.0]], [[0.0, 0.0, 0.0, 0.0, 0.0, 0.0, 0.0, 0.0, 0.0, 0.0, 0.0, 0.0, 0.0, 0.0, 0.0, 0.0, 0.0, 0.0, 0.0, 0.0, 0.0, 0.0, 0.0, 0.0, 0.0, 0.0, 0.0, 0.0], [0.0, 0.0, 0.0, 0.0, 0.0, 0.0, 0.0, 0.0, 0.0, 0.0, 0.0, 0.0, 0.0, 0.0, 0.0, 0.0, 0.0, 0.0, 0.0, 0.0, 0.0, 0.0, 0.0, 0.0, 0.0, 0.0, 0.0, 0.0], [0.0, 0.0, 0.0, 0.0, 0.0, 0.0, 0.0, 0.0, 0.0, 0.0, 0.0, 0.0, 0.0, 0.0, 0.0, 0.0, 0.0, 0.0, 0.0, 0.0, 0.0, 0.0, 0.0, 0.0, 0.0, 0.0, 0.0, 0.0], [0.0, 0.0, 0.0, 0.0, 0.0, 0.0, 0.0, 0.0, 0.0, 0.0, 0.0, 0.0, 0.0, 0.0, 0.0, 0.0, 0.0, 0.0, 0.0, 0.0, 0.0, 0.0, 0.0, 0.0, 0.0, 0.0, 0.0, 0.0]], [[0.0, 0.0, 0.0, 0.0, 0.0, 0.0, 0.0, 0.0, 0.0, 0.0, 0.0, 0.0, 0.0, 0.0, 0.0, 0.0, 0.0, 0.0, 0.0, 0.0, 0.0, 0.0, 0.0, 0.0, 0.0, 0.0, 0.0, 0.0], [0.0, 0.0, 0.0, 0.0, 0.0, 0.0, 0.0, 0.0, 0.0, 0.0, 0.0, 0.0, 0.0, 0.0, 0.0, 0.0, 0.0, 0.0, 0.0, 0.0, 0.0, 0.0, 0.0, 0.0, 0.0, 0.0, 0.0, 0.0], [0.0, 0.0, 0.0, 0.0, 0.0, 0.0, 0.0, 0.0, 0.0, 0.0, 0.0, 0.0, 0.0, 0.0, 0.0, 0.0, 0.0, 0.0, 0.0, 0.0, 0.0, 0.0, 0.0, 0.0, 0.0, 0.0, 0.0, 0.0], [0.0, 0.0, 0.0, 0.0, 0.0, 0.0, 0.0, 0.0, 0.0, 0.0, 0.0, 0.0, 0.0, 0.0, 0.0, 0.0, 0.0, 0.0, 0.0, 0.0, 0.0, 0.0, 0.0, 0.0, 0.0, 0.0, 0.0, 0.0]], [[0.0, 0.0, 0.0, 0.0, 0.0, 0.0, 0.0, 0.0, 0.0, 0.0, 0.0, 0.0, 0.0, 0.0, 0.0, 0.0, 0.0, 0.0, 0.0, 0.0, 0.0, 0.0, 0.0, 0.0, 0.0, 0.0, 0.0, 0.0], [0.0, 0.0, 0.0, 0.0, 0.0, 0.0, 0.0, 0.0, 0.0, 0.0, 0.0, 0.0, 0.0, 0.0, 0.0, 0.0, 0.0, 0.0, 0.0, 0.0, 0.0, 0.0, 0.0, 0.0, 0.0, 0.0, 0.0, 0.0], [0.0, 0.0, 0.0, 0.0, 0.0, 0.0, 0.0, 0.0, 0.0, 0.0, 0.0, 0.0, 0.0, 0.0, 0.0, 0.0, 0.0, 0.0, 0.0, 0.0, 0.0, 0.0, 0.0, 0.0, 0.0, 0.0, 0.0, 0.0], [0.0, 0.0, 0.0, 0.0, 0.0, 0.0, 0.0, 0.0, 0.0, 0.0, 0.0, 0.0, 0.0, 0.0, 0.0, 0.0, 0.0, 0.0, 0.0, 0.0, 0.0, 0.0, 0.0, 0.0, 0.0, 0.0, 0.0, 0.0]], [[0.0, 0.0, 0.0, 0.0, 0.0, 0.0, 0.0, 0.0, 0.0, 0.0, 0.0, 0.0, 0.0, 0.0, 0.0, 0.0, 0.0, 0.0, 0.0, 0.0, 0.0, 0.0, 0.0, 0.0, 0.0, 0.0, 0.0, 0.0], [0.0, 0.0, 0.0, 0.0, 0.0, 0.0, 0.0, 0.0, 0.0, 0.0, 0.0, 0.0, 0.0, 0.0, 0.0, 0.0, 0.0, 0.0, 0.0, 0.0, 0.0, 0.0, 0.0, 0.0, 0.0, 0.0, 0.0, 0.0], [0.0, 0.0, 0.0, 0.0, 0.0, 0.0, 0.0, 0.0, 0.0, 0.0, 0.0, 0.0, 0.0, 0.0, 0.0, 0.0, 0.0, 0.0, 0.0, 0.0, 0.0, 0.0, 0.0, 0.0, 0.0, 0.0, 0.0, 0.0], [0.0, 0.0, 0.0, 0.0, 0.0, 0.0, 0.0, 0.0, 0.0, 0.0, 0.0, 0.0, 0.0, 0.0, 0.0, 0.0, 0.0, 0.0, 0.0, 0.0, 0.0, 0.0, 0.0, 0.0, 0.0, 0.0, 0.0, 0.0]], [[0.0, 0.0, 0.0, 0.0, 0.0, 0.0, 0.0, 0.0, 0.0, 0.0, 0.0, 0.0, 0.0, 0.0, 0.0, 0.0, 0.0, 0.0, 0.0, 0.0, 0.0, 0.0, 0.0, 0.0, 0.0, 0.0, 0.0, 0.0], [0.0, 0.0, 0.0, 0.0, 0.0, 0.0, 0.0, 0.0, 0.0, 0.0, 0.0, 0.0, 0.0, 0.0, 0.0, 0.0, 0.0, 0.0, 0.0, 0.0, 0.0, 0.0, 0.0, 0.0, 0.0, 0.0, 0.0, 0.0], [0.0, 0.0, 0.0, 0.0, 0.0, 0.0, 0.0, 0.0, 0.0, 0.0, 0.0, 0.0, 0.0, 0.0, 0.0, 0.0, 0.0, 0.0, 0.0, 0.0, 0.0, 0.0, 0.0, 0.0, 0.0, 0.0, 0.0, 0.0], [0.0, 0.0, 0.0, 0.0, 0.0, 0.0, 0.0, 0.0, 0.0, 0.0, 0.0, 0.0, 0.0, 0.0, 0.0, 0.0, 0.0, 0.0, 0.0, 0.0, 0.0, 0.0, 0.0, 0.0, 0.0, 0.0, 0.0, 0.0]], [[0.0, 0.0, 0.0, 0.0, 0.0, 0.0, 0.0, 0.0, 0.0, 0.0, 0.0, 0.0, 0.0, 0.0, 0.0, 0.0, 0.0, 0.0, 0.0, 0.0, 0.0, 0.0, 0.0, 0.0, 0.0, 0.0, 0.0, 0.0], [0.0, 0.0, 0.0, 0.0, 0.0, 0.0, 0.0, 0.0, 0.0, 0.0, 0.0, 0.0, 0.0, 0.0, 0.0, 0.0, 0.0, 0.0, 0.0, 0.0, 0.0, 0.0, 0.0, 0.0, 0.0, 0.0, 0.0, 0.0], [0.0, 0.0, 0.0, 0.0, 0.0, 0.0, 0.0, 0.0, 0.0, 0.0, 0.0, 0.0, 0.0, 0.0, 0.0, 0.0, 0.0, 0.0, 0.0, 0.0, 0.0, 0.0, 0.0, 0.0, 0.0, 0.0, 0.0, 0.0], [0.0, 0.0, 0.0, 0.0, 0.0, 0.0, 0.0, 0.0, 0.0, 0.0, 0.0, 0.0, 0.0, 0.0, 0.0, 0.0, 0.0, 0.0, 0.0, 0.0, 0.0, 0.0, 0.0, 0.0, 0.0, 0.0, 0.0, 0.0]]];
t = [[99999999.0, 11.684546380164303, 11.370912343175686, 11.447535127786853, 8.863120201275741, 9.973440702164972, 10.926271259330104, 11.89688114280892, 5.644545973387325, 14.782659269893054, 13.380856040807084, 11.977904070647913, 7.483898273024935, 14.253111154506602, 6.38628663832444, 11.355153881336225, 11.829935691802882, 6.4130003808668405, 5.958556529359678, 5.124565887570043, 13.325561568848144, 12.382950616944823, 14.15080653665744, 5.0691155945215005, 7.061908824900609, 7.81274789142333, 8.796538633442417, 10.502660510928111, 12.084716244025959, 6.975699737452662], [11.684546380164303, 99999999.0, 13.782537408662815, 6.35657042886928, 6.209707683620245, 6.0496113509855896, 9.194383040112925, 12.640252828854567, 14.358388575250428, 11.778382256043832, 10.545875810628521, 14.7611276959278, 7.680258746285683, 7.7179887680508426, 10.859457878676658, 7.025379301385256, 10.147667014117761, 10.029998889530457, 9.902667310487752, 6.679526502975868, 9.807377284423652, 11.288167209984728, 12.776647065366733, 5.687912552289943, 13.253013751125021, 13.48262739313016, 6.526718271460314, 13.907582701664499, 10.827517177672714, 12.822020715970389], [11.370912343175686, 13.782537408662815, 99999999.0, 10.170780296415144, 12.225927532070394, 12.92163848152056, 13.017883371361524, 7.7117126011026755, 13.3169887454732, 14.106437451754582, 9.674853107620494, 8.726286980005256, 9.04437127515526, 12.637590459021016, 6.907963446891498, 8.998799248925174, 8.081760075032951, 7.89113154021011, 12.700744841300821, 14.779980800110156, 8.723577392336473, 8.805957860396273, 7.42606809620718, 13.815571615918055, 5.296821841989868, 14.087511459543174, 13.265358855565141, 10.18880106270349, 8.538019376730333, 10.476503841130533], [11.447535127786853, 6.35657042886928, 10.170780296415144, 99999999.0, 12.424802393738407, 13.425740188125792, 12.962507170949198, 14.317426748022847, 5.39356646330258, 7.208254539638177, 9.84488296847443, 7.243281136177763, 9.96500613457588, 14.390712031960756, 14.004463724186087, 6.983766425021036, 9.296889010389183, 6.269998210778793, 9.978821427058751, 12.175187068923737, 12.241504554255023, 14.535522799453668, 10.515704642211162, 10.656096986524023, 11.75729902759433, 13.513922921645133, 10.77710515827947, 10.19121924623612, 12.347945502016671, 10.194249376377167], [8.863120201275741, 6.209707683620245, 12.225927532070394, 12.424802393738407, 99999999.0, 5.419499590004319, 13.589191681828645, 14.286120355551756, 10.961398352564016, 10.023816775855778, 5.877987941901292, 6.47102141279362, 9.052994037985059, 10.675923678763287, 14.162788613804377, 13.377766042394832, 12.778444892949526, 7.937269587954285, 6.035686318296283, 6.328587955998489, 9.349907606136245, 11.401437984548084, 11.464981156272481, 5.6880897022300845, 5.555719343192846, 11.664541651966008, 6.2874977173347055, 7.051691237640542, 10.814938055598208, 7.812111762408262], [9.973440702164972, 6.0496113509855896, 12.92163848152056, 13.425740188125792, 5.419499590004319, 99999999.0, 8.38007708464687, 7.757699155954776, 8.931693353665864, 5.745466622213882, 11.865614656324595, 12.527293706872033, 8.198455728794613, 6.292121557812176, 8.598275606245213, 7.732674625410139, 13.038801930929033, 8.395430190606476, 7.935791775478759, 11.033209279550643, 5.938730894915912, 9.548825837558173, 7.463015781620282, 11.463509991901546, 8.364146454637687, 5.400576354685937, 14.299754122731706, 7.657108505512258, 9.177489314691794, 7.479880071320241], [10.926271259330104, 9.194383040112925, 13.017883371361524, 12.962507170949198, 13.589191681828645, 8.38007708464687, 99999999.0, 6.591166934737024, 5.4931652394861175, 7.379809640390366, 11.182734973231373, 6.145504234875916, 10.074418985999747, 6.5122589283690635, 5.929048718579516, 10.03100661083328, 5.251108249319461, 14.45909982406642, 13.40109760321154, 10.754093983289492, 12.96115617330097, 14.907392370340709, 6.7532564906679315, 11.459466716481556, 11.613563075355572, 9.722708937110157, 7.5547830035196375, 7.273390699577316, 9.177507033495525, 11.067743818919107], [11.89688114280892, 12.640252828854567, 7.7117126011026755, 14.317426748022847, 14.286120355551756, 7.757699155954776, 6.591166934737024, 99999999.0, 10.718419170842681, 7.718271172798609, 5.291415952186122, 10.514333351190597, 6.090390633147486, 10.153359879732683, 14.584285315590478, 9.296909797328233, 9.865874546913982, 8.704327129597583, 5.235201981375191, 12.466096179555294, 10.497020542420636, 14.713719236145788, 6.316350456894934, 10.557117465908489, 10.48409986302805, 13.437861216882553, 12.463355357396548, 11.357500905751635, 14.793017186697627, 7.7424338636056405], [5.644545973387325, 14.358388575250428, 13.3169887454732, 5.39356646330258, 10.961398352564016, 8.931693353665864, 5.4931652394861175, 10.718419170842681, 99999999.0, 8.172110500712504, 5.182361488700487, 10.32792223393094, 7.6290221810666665, 7.226924009617699, 9.211103935771584, 6.610925469458527, 9.956369515957615, 10.569490409212415, 8.02422289526356, 13.301669005275917, 10.881683514260825, 8.450129077382215, 8.501720723986647, 12.488399103544, 10.857378720516211, 10.974835124145596, 14.129171736844983, 12.465047523159285, 10.396455761328955, 13.35395987443672], [14.782659269893054, 11.778382256043832, 14.106437451754582, 7.208254539638177, 10.023816775855778, 5.745466622213882, 7.379809640390366, 7.718271172798609, 8.172110500712504, 99999999.0, 7.993709715195645, 6.500125267910597, 14.461221542223942, 13.297772194592577, 5.481497310624185, 12.907417760767451, 5.3716604293233985, 8.37956318119733, 8.518672926193492, 5.968571544989705, 13.177390154538585, 5.6942990108823155, 14.624137170753128, 7.772810262447592, 12.20859709528668, 5.7245147181101705, 5.866619234578988, 11.036098615191623, 13.311785622332, 6.545019783843174], [13.380856040807084, 10.545875810628521, 9.674853107620494, 9.84488296847443, 5.877987941901292, 11.865614656324595, 11.182734973231373, 5.291415952186122, 5.182361488700487, 7.993709715195645, 99999999.0, 7.82345236697099, 14.48118600748601, 12.721203721371069, 6.410274735762468, 14.13153899874162, 8.704256588086581, 9.208142057793172, 5.509183779887571, 14.976715853500714, 11.722015770171893, 9.92321912770286, 6.474212777913514, 5.844457419320655, 7.615361365173852, 9.868507600934812, 8.778011573935691, 7.743097349112685, 11.575515328451143, 7.39054303535875], [11.977904070647913, 14.7611276959278, 8.726286980005256, 7.243281136177763, 6.47102141279362, 12.527293706872033, 6.145504234875916, 10.514333351190597, 10.32792223393094, 6.500125267910597, 7.82345236697099, 99999999.0, 6.392304613041376, 7.251902715249171, 5.799132488273596, 10.044060512431546, 14.166551816766336, 13.031987564714873, 6.70976727598082, 8.09809021253935, 10.400321267470904, 6.044195503214534, 9.828825708489326, 11.924501312405653, 5.047684452161809, 10.959474500332703, 7.327893451417503, 7.462108246171036, 11.025279517551914, 14.236671582728297], [7.483898273024935, 7.680258746285683, 9.04437127515526, 9.96500613457588, 9.052994037985059, 8.198455728794613, 10.074418985999747, 6.090390633147486, 7.6290221810666665, 14.461221542223942, 14.48118600748601, 6.392304613041376, 99999999.0, 5.724709065995287, 13.795588336854841, 13.436324356439451, 6.6774717143739615, 8.635860668922772, 12.798402149062454, 13.999074356077895, 9.266045586224438, 7.41084566969433, 7.173193264813622, 5.707471601469463, 7.4455481858268655, 13.019055879892559, 7.260054195619378, 6.216047624342554, 7.68703200446782, 11.87396020490678], [14.253111154506602, 7.7179887680508426, 12.637590459021016, 14.390712031960756, 10.675923678763287, 6.292121557812176, 6.5122589283690635, 10.153359879732683, 7.226924009617699, 13.297772194592577, 12.721203721371069, 7.251902715249171, 5.724709065995287, 99999999.0, 12.534881028333075, 14.4239184747245, 5.084698299620731, 7.476186283165945, 11.20672487199382, 13.806527036623727, 9.037196837869008, 7.291398287312005, 10.919974226330005, 6.564164540129974, 10.764108131674286, 12.076950770588127, 5.239135084628018, 13.456986265746455, 7.931889299313138, 8.889049026221674], [6.38628663832444, 10.859457878676658, 6.907963446891498, 14.004463724186087, 14.162788613804377, 8.598275606245213, 5.929048718579516, 14.584285315590478, 9.211103935771584, 5.481497310624185, 6.410274735762468, 5.799132488273596, 13.795588336854841, 12.534881028333075, 99999999.0, 11.63710198689591, 14.020124866899446, 9.812928058920392, 7.651360608720937, 10.693941531469516, 6.470250058999657, 10.063894137150772, 12.19353928205587, 12.023357239314802, 13.924789588737369, 7.901789779546772, 12.243910193661836, 11.445896481303523, 11.5461365029158, 13.787825646989067], [11.355153881336225, 7.025379301385256, 8.998799248925174, 6.983766425021036, 13.377766042394832, 7.732674625410139, 10.03100661083328, 9.296909797328233, 6.610925469458527, 12.907417760767451, 14.13153899874162, 10.044060512431546, 13.436324356439451, 14.4239184747245, 11.63710198689591, 99999999.0, 5.601130737926233, 11.813382000329536, 8.929827097122367, 10.319562493602156, 14.898021768869732, 13.451757762739947, 6.650102050529068, 11.909744899035314, 14.0997491818924, 8.06005271266771, 11.64631889880065, 8.00086778340614, 10.323856763308502, 12.657092385924342], [11.829935691802882, 10.147667014117761, 8.081760075032951, 9.296889010389183, 12.778444892949526, 13.038801930929033, 5.251108249319461, 9.865874546913982, 9.956369515957615, 5.3716604293233985, 8.704256588086581, 14.166551816766336, 6.6774717143739615, 5.084698299620731, 14.020124866899446, 5.601130737926233, 99999999.0, 14.861968228822498, 14.372218931970748, 11.836316451130774, 12.917748391888676, 9.110405860420332, 5.919909126796038, 9.604423652251786, 7.417118253494058, 14.009394248673207, 13.418649999901744, 7.947549083656823, 13.613035618726276, 10.766355615922244], [6.4130003808668405, 10.029998889530457, 7.89113154021011, 6.269998210778793, 7.937269587954285, 8.395430190606476, 14.45909982406642, 8.704327129597583, 10.569490409212415, 8.37956318119733, 9.208142057793172, 13.031987564714873, 8.635860668922772, 7.476186283165945, 9.812928058920392, 11.813382000329536, 14.861968228822498, 99999999.0, 5.735404251865653, 8.55345265174272, 14.158379037431965, 10.931215510290684, 14.407231159997385, 6.514448361843189, 14.597167409927888, 12.375714555665695, 6.929145573026476, 14.04266690059297, 11.222876081470757, 5.134578234145746], [5.958556529359678, 9.902667310487752, 12.700744841300821, 9.978821427058751, 6.035686318296283, 7.935791775478759, 13.40109760321154, 5.235201981375191, 8.02422289526356, 8.518672926193492, 5.509183779887571, 6.70976727598082, 12.798402149062454, 11.20672487199382, 7.651360608720937, 8.929827097122367, 14.372218931970748, 5.735404251865653, 99999999.0, 13.13763200178374, 7.381870007776757, 14.701317435228008, 13.152236180600664, 6.100334619738162, 7.906068897059012, 12.384651199010005, 9.657401319766397, 8.015045221284566, 7.6934173203239995, 11.440081029091322], [5.124565887570043, 6.679526502975868, 14.779980800110156, 12.175187068923737, 6.328587955998489, 11.033209279550643, 10.754093983289492, 12.466096179555294, 13.301669005275917, 5.968571544989705, 14.976715853500714, 8.09809021253935, 13.999074356077895, 13.806527036623727, 10.693941531469516, 10.319562493602156, 11.836316451130774, 8.55345265174272, 13.13763200178374, 99999999.0, 5.4606814207630885, 7.123914129807777, 14.603620180863432, 14.423823736619699, 11.968807357602778, 10.687773261330321, 7.720034508629977, 12.025395410186057, 10.431461539272684, 7.8629062382796775], [13.325561568848144, 9.807377284423652, 8.723577392336473, 12.241504554255023, 9.349907606136245, 5.938730894915912, 12.96115617330097, 10.497020542420636, 10.881683514260825, 13.177390154538585, 11.722015770171893, 10.400321267470904, 9.266045586224438, 9.037196837869008, 6.470250058999657, 14.898021768869732, 12.917748391888676, 14.158379037431965, 7.381870007776757, 5.4606814207630885, 99999999.0, 12.301386131189016, 13.532160817549963, 12.832625268786582, 14.728458043104297, 12.812024219271027, 14.988154164652647, 10.39676549067691, 11.5042616940157, 7.762569167930751], [12.382950616944823, 11.288167209984728, 8.805957860396273, 14.535522799453668, 11.401437984548084, 9.548825837558173, 14.907392370340709, 14.713719236145788, 8.450129077382215, 5.6942990108823155, 9.92321912770286, 6.044195503214534, 7.41084566969433, 7.291398287312005, 10.063894137150772, 13.451757762739947, 9.110405860420332, 10.931215510290684, 14.701317435228008, 7.123914129807777, 12.301386131189016, 99999999.0, 14.982155110717795, 12.346535103384207, 5.32016675214484, 9.912364563112499, 11.5163952955593, 12.067621816815413, 12.188921421071033, 6.261594020511341], [14.15080653665744, 12.776647065366733, 7.42606809620718, 10.515704642211162, 11.464981156272481, 7.463015781620282, 6.7532564906679315, 6.316350456894934, 8.501720723986647, 14.624137170753128, 6.474212777913514, 9.828825708489326, 7.173193264813622, 10.919974226330005, 12.19353928205587, 6.650102050529068, 5.919909126796038, 14.407231159997385, 13.152236180600664, 14.603620180863432, 13.532160817549963, 14.982155110717795, 99999999.0, 9.598872560520785, 13.914973269223745, 13.769185020730925, 6.650165053413693, 5.341653293116942, 11.12247285160062, 11.491255063080263], [5.0691155945215005, 5.687912552289943, 13.815571615918055, 10.656096986524023, 5.6880897022300845, 11.463509991901546, 11.459466716481556, 10.557117465908489, 12.488399103544, 7.772810262447592, 5.844457419320655, 11.924501312405653, 5.707471601469463, 6.564164540129974, 12.023357239314802, 11.909744899035314, 9.604423652251786, 6.514448361843189, 6.100334619738162, 14.423823736619699, 12.832625268786582, 12.346535103384207, 9.598872560520785, 99999999.0, 10.701956480736271, 8.367771572345823, 13.690553359976047, 13.157239975211823, 12.489898690372792, 10.020496658122301], [7.061908824900609, 13.253013751125021, 5.296821841989868, 11.75729902759433, 5.555719343192846, 8.364146454637687, 11.613563075355572, 10.48409986302805, 10.857378720516211, 12.20859709528668, 7.615361365173852, 5.047684452161809, 7.4455481858268655, 10.764108131674286, 13.924789588737369, 14.0997491818924, 7.417118253494058, 14.597167409927888, 7.906068897059012, 11.968807357602778, 14.728458043104297, 5.32016675214484, 13.914973269223745, 10.701956480736271, 99999999.0, 13.398033133672872, 11.79046784005146, 11.594607891047183, 14.265460770333839, 6.792374666267145], [7.81274789142333, 13.48262739313016, 14.087511459543174, 13.513922921645133, 11.664541651966008, 5.400576354685937, 9.722708937110157, 13.437861216882553, 10.974835124145596, 5.7245147181101705, 9.868507600934812, 10.959474500332703, 13.019055879892559, 12.076950770588127, 7.901789779546772, 8.06005271266771, 14.009394248673207, 12.375714555665695, 12.384651199010005, 10.687773261330321, 12.812024219271027, 9.912364563112499, 13.769185020730925, 8.367771572345823, 13.398033133672872, 99999999.0, 13.277780916161214, 11.408019667817026, 5.573144986884754, 12.195317085096347], [8.796538633442417, 6.526718271460314, 13.265358855565141, 10.77710515827947, 6.2874977173347055, 14.299754122731706, 7.5547830035196375, 12.463355357396548, 14.129171736844983, 5.866619234578988, 8.778011573935691, 7.327893451417503, 7.260054195619378, 5.239135084628018, 12.243910193661836, 11.64631889880065, 13.418649999901744, 6.929145573026476, 9.657401319766397, 7.720034508629977, 14.988154164652647, 11.5163952955593, 6.650165053413693, 13.690553359976047, 11.79046784005146, 13.277780916161214, 99999999.0, 5.418833733232872, 14.042614404701725, 9.234264602850356], [10.502660510928111, 13.907582701664499, 10.18880106270349, 10.19121924623612, 7.051691237640542, 7.657108505512258, 7.273390699577316, 11.357500905751635, 12.465047523159285, 11.036098615191623, 7.743097349112685, 7.462108246171036, 6.216047624342554, 13.456986265746455, 11.445896481303523, 8.00086778340614, 7.947549083656823, 14.04266690059297, 8.015045221284566, 12.025395410186057, 10.39676549067691, 12.067621816815413, 5.341653293116942, 13.157239975211823, 11.594607891047183, 11.408019667817026, 5.418833733232872, 99999999.0, 11.16680646991227, 8.109517297562732], [12.084716244025959, 10.827517177672714, 8.538019376730333, 12.347945502016671, 10.814938055598208, 9.177489314691794, 9.177507033495525, 14.793017186697627, 10.396455761328955, 13.311785622332, 11.575515328451143, 11.025279517551914, 7.68703200446782, 7.931889299313138, 11.5461365029158, 10.323856763308502, 13.613035618726276, 11.222876081470757, 7.6934173203239995, 10.431461539272684, 11.5042616940157, 12.188921421071033, 11.12247285160062, 12.489898690372792, 14.265460770333839, 5.573144986884754, 14.042614404701725, 11.16680646991227, 99999999.0, 9.602843955106708], [6.975699737452662, 12.822020715970389, 10.476503841130533, 10.194249376377167, 7.812111762408262, 7.479880071320241, 11.067743818919107, 7.7424338636056405, 13.35395987443672, 6.545019783843174, 7.39054303535875, 14.236671582728297, 11.87396020490678, 8.889049026221674, 13.787825646989067, 12.657092385924342, 10.766355615922244, 5.134578234145746, 11.440081029091322, 7.8629062382796775, 7.762569167930751, 6.261594020511341, 11.491255063080263, 10.020496658122301, 6.792374666267145, 12.195317085096347, 9.234264602850356, 8.109517297562732, 9.602843955106708, 99999999.0]];
