M = 9999999999.9;
numWorkers = 15;
numRoles = 3;
numNodes = 10;
wStart = [0, 13.756423944812218, 13.157913350962412, 5.57212749744316, 14.889341010978761, 12.244515714610541, 20.39680713186493, 6.563278264272217, 4.638957467048424, 0];
wEnd = [0, 19.287227615629636, 20.37663308198671, 11.388113879038372, 22.66727730630828, 18.280951859601412, 26.590743715299105, 15.039032446901825, 13.002128071818003, 30];
p = [0, 2.6683128038229498, 1.2848655373177194, 2.2954434640713584, 3.7791751596929277, 1.481427086631412, 2.856906929297393, 3.8838623942124224, 1.7238986567881893, 0];
e = [[1, 1, 0], [0, 1, 1], [0, 1, 0], [1, 1, 0], [1, 0, 0], [0, 1, 0], [0, 1, 0], [0, 1, 0], [1, 0, 0], [0, 1, 0], [0, 1, 0], [0, 1, 0], [0, 0, 1], [0, 1, 0], [0, 1, 0]];
d = [[0, 1, 0, 0, 0, 0, 1, 0], [0, 1, 1, 2, 1, 1, 0, 2], [1, 1, 1, 0, 2, 0, 0, 1]];
r = [3.2103446841671603, 4.341190885689778, 1.9003997759085913, 2.970390763173519, 2.7081930146692312, 1.7976872886073796, 4.937858687299141, 1.7764119032022583];
b = [[[1.0, 1.0, 1.0, 1.0, 1.0, 1.0, 1.0, 1.0], [1.0, 1.0, 1.0, 1.0, 1.0, 1.0, 1.0, 1.0], [1.0, 1.0, 1.0, 1.0, 1.0, 1.0, 1.0, 1.0]], [[1.0, 1.0, 1.0, 1.0, 1.0, 1.0, 1.0, 1.0], [1.0, 1.0, 1.0, 1.0, 1.0, 1.0, 1.0, 1.0], [1.0, 1.0, 1.0, 1.0, 1.0, 1.0, 1.0, 1.0]], [[1.0, 1.0, 1.0, 1.0, 1.0, 1.0, 1.0, 1.0], [1.0, 1.0, 1.0, 1.0, 1.0, 1.0, 1.0, 1.0], [1.0, 1.0, 1.0, 1.0, 1.0, 1.0, 1.0, 1.0]], [[1.0, 1.0, 1.0, 1.0, 1.0, 1.0, 1.0, 1.0], [1.0, 1.0, 1.0, 1.0, 1.0, 1.0, 1.0, 1.0], [1.0, 1.0, 1.0, 1.0, 1.0, 1.0, 1.0, 1.0]], [[1.0, 1.0, 1.0, 1.0, 1.0, 1.0, 1.0, 1.0], [1.0, 1.0, 1.0, 1.0, 1.0, 1.0, 1.0, 1.0], [1.0, 1.0, 1.0, 1.0, 1.0, 1.0, 1.0, 1.0]], [[1.0, 1.0, 1.0, 1.0, 1.0, 1.0, 1.0, 1.0], [1.0, 1.0, 1.0, 1.0, 1.0, 1.0, 1.0, 1.0], [1.0, 1.0, 1.0, 1.0, 1.0, 1.0, 1.0, 1.0]], [[1.0, 1.0, 1.0, 1.0, 1.0, 1.0, 1.0, 1.0], [1.0, 1.0, 1.0, 1.0, 1.0, 1.0, 1.0, 1.0], [1.0, 1.0, 1.0, 1.0, 1.0, 1.0, 1.0, 1.0]], [[1.0, 1.0, 1.0, 1.0, 1.0, 1.0, 1.0, 1.0], [1.0, 1.0, 1.0, 1.0, 1.0, 1.0, 1.0, 1.0], [1.0, 1.0, 1.0, 1.0, 1.0, 1.0, 1.0, 1.0]], [[1.0, 1.0, 1.0, 1.0, 1.0, 1.0, 1.0, 1.0], [1.0, 1.0, 1.0, 1.0, 1.0, 1.0, 1.0, 1.0], [1.0, 1.0, 1.0, 1.0, 1.0, 1.0, 1.0, 1.0]], [[1.0, 1.0, 1.0, 1.0, 1.0, 1.0, 1.0, 1.0], [1.0, 1.0, 1.0, 1.0, 1.0, 1.0, 1.0, 1.0], [1.0, 1.0, 1.0, 1.0, 1.0, 1.0, 1.0, 1.0]], [[1.0, 1.0, 1.0, 1.0, 1.0, 1.0, 1.0, 1.0], [1.0, 1.0, 1.0, 1.0, 1.0, 1.0, 1.0, 1.0], [1.0, 1.0, 1.0, 1.0, 1.0, 1.0, 1.0, 1.0]], [[1.0, 1.0, 1.0, 1.0, 1.0, 1.0, 1.0, 1.0], [1.0, 1.0, 1.0, 1.0, 1.0, 1.0, 1.0, 1.0], [1.0, 1.0, 1.0, 1.0, 1.0, 1.0, 1.0, 1.0]], [[1.0, 1.0, 1.0, 1.0, 1.0, 1.0, 1.0, 1.0], [1.0, 1.0, 1.0, 1.0, 1.0, 1.0, 1.0, 1.0], [1.0, 1.0, 1.0, 1.0, 1.0, 1.0, 1.0, 1.0]], [[1.0, 1.0, 1.0, 1.0, 1.0, 1.0, 1.0, 1.0], [1.0, 1.0, 1.0, 1.0, 1.0, 1.0, 1.0, 1.0], [1.0, 1.0, 1.0, 1.0, 1.0, 1.0, 1.0, 1.0]], [[1.0, 1.0, 1.0, 1.0, 1.0, 1.0, 1.0, 1.0], [1.0, 1.0, 1.0, 1.0, 1.0, 1.0, 1.0, 1.0], [1.0, 1.0, 1.0, 1.0, 1.0, 1.0, 1.0, 1.0]]];
t = [[9999999999.9, 6.660116624312439, 3.7364656665439853, 9.34717083980585, 3.9571773649936586, 7.998072492486982, 9.320785749281228, 9.376153107382475, 4.441623169834356, 6.731109039098237], [6.660116624312439, 9999999999.9, 6.3893768427273985, 9.988383017544102, 1.7740244117235233, 9.242224426224968, 8.335411668004308, 3.1746357376492806, 1.4697913102185969, 8.706080614624565], [3.7364656665439853, 6.3893768427273985, 9999999999.9, 7.251309936398508, 7.388176773565854, 4.918675200007855, 2.252988304561759, 7.551532986671155, 2.051298802368566, 4.5598310673506175], [9.34717083980585, 9.988383017544102, 7.251309936398508, 9999999999.9, 9.195946383243793, 8.942487780293604, 8.86528715933205, 8.413909405516627, 1.7514717810490812, 9.00060443797289], [3.9571773649936586, 1.7740244117235233, 7.388176773565854, 9.195946383243793, 9999999999.9, 5.235712215452714, 6.495999090797011, 2.883039699725314, 7.598538181746169, 2.1051396008936267], [7.998072492486982, 9.242224426224968, 4.918675200007855, 8.942487780293604, 5.235712215452714, 9999999999.9, 8.528914033074356, 3.741575587836717, 1.9609633401406046, 8.879922424815527], [9.320785749281228, 8.335411668004308, 2.252988304561759, 8.86528715933205, 6.495999090797011, 8.528914033074356, 9999999999.9, 2.527604645800444, 3.4837083378872507, 5.900878202784405], [9.376153107382475, 3.1746357376492806, 7.551532986671155, 8.413909405516627, 2.883039699725314, 3.741575587836717, 2.527604645800444, 9999999999.9, 2.2822327756966323, 1.0073306591989684], [4.441623169834356, 1.4697913102185969, 2.051298802368566, 1.7514717810490812, 7.598538181746169, 1.9609633401406046, 3.4837083378872507, 2.2822327756966323, 9999999999.9, 9.505178810056279], [6.731109039098237, 8.706080614624565, 4.5598310673506175, 9.00060443797289, 2.1051396008936267, 8.879922424815527, 5.900878202784405, 1.0073306591989684, 9.505178810056279, 9999999999.9]];
