{"num_workers": 25, "num_roles": 4, "num_nodes": 30, "w": [[0, 0], [85.13408345299516, 114.26214396901696], [306.1574548939971, 341.84262198461767], [103.94329122860782, 131.96804967576279], [394.77042045113234, 423.91218772710073], [372.82846079729165, 402.0547696329378], [154.84663820543784, 180.7035632925803], [356.9819213061664, 387.1282114723631], [31.15115611674979, 67.60261436747162], [381.37528651613684, 412.13215373245225], [293.8509103066668, 326.63140955415446], [306.20642239203386, 337.1874595638226], [212.0376258508752, 238.89381856744288], [406.9669521497509, 432.21351058298296], [243.9516542198433, 278.7897224659242], [105.27927477907511, 132.76560228057457], [93.00125192258936, 124.77861045291415], [135.92797462768533, 162.35651819880937], [357.3357226428638, 396.2570195061698], [156.4197708199063, 189.2990863169379], [249.97147705859263, 279.3367887302277], [264.14597375554945, 290.15233409568657], [392.64228631280423, 424.7948866910248], [7.30351967399757, 40.62189255463425], [226.0668545324304, 265.4700123776064], [101.89242851032266, 138.57999612854996], [86.91548169389525, 124.73812965579988], [103.82637154486319, 129.77825302064292], [150.86313300545308, 180.79914702045312], [0, 450]], "p": [0, 9.828777503715065, 20.530604397224792, 17.28556562770629, 16.481868288993184, 15.140496386363122, 14.953882917484293, 7.943886161145024, 14.390541018207701, 8.26122548065024, 10.539235295971697, 13.897034163434459, 7.290241869093178, 9.300963192099385, 13.730404957856996, 7.960516481811658, 17.576878354662817, 13.341097842037508, 19.97015832165237, 14.736695102843688, 10.341924964671094, 11.35253347191601, 8.5716739225048, 20.80065109445135, 24.989206698534485, 19.31792906162376, 10.305062045470326, 15.183080718880525, 14.566806646003029, 0], "e": [[1, 1, 0, 0], [0, 1, 1, 0], [1, 0, 0, 1], [0, 1, 0, 1], [0, 0, 1, 1], [0, 1, 0, 1], [1, 0, 1, 0], [0, 1, 1, 0], [1, 0, 0, 1], [1, 1, 0, 0], [1, 0, 1, 0], [0, 0, 1, 1], [1, 0, 1, 0], [1, 0, 1, 0], [1, 1, 0, 0], [0, 0, 1, 0], [0, 1, 0, 0], [0, 0, 0, 1], [0, 0, 0, 1], [0, 0, 1, 0], [0, 0, 0, 1], [0, 1, 0, 0], [1, 0, 0, 0], [0, 0, 0, 1], [0, 1, 0, 0]], "d": [[1, 1, 2, 2, 1, 2, 1, 0, 0, 1, 0, 2, 3, 3, 2, 1, 0, 5, 1, 2, 1, 1, 1, 2, 2, 0, 3, 0], [3, 5, 2, 1, 1, 1, 1, 3, 2, 3, 1, 0, 2, 2, 2, 3, 3, 1, 3, 0, 3, 1, 1, 2, 0, 2, 0, 1], [2, 1, 2, 0, 1, 4, 2, 2, 1, 1, 1, 0, 0, 1, 1, 0, 2, 1, 0, 1, 4, 2, 1, 2, 2, 1, 4, 0], [2, 1, 2, 5, 3, 1, 4, 2, 3, 0, 2, 1, 0, 2, 0, 0, 1, 0, 4, 2, 0, 0, 0, 2, 0, 1, 0, 3]], "r": [98.34528002488554, 134.08634506660644, 83.41122740580357, 115.63696688812428, 186.44955877675747, 62.55223139552026, 177.70565063131886, 123.28973376204986, 61.75846071998728, 198.33432897622964, 97.33836450431207, 101.05666091122882, 192.53888673455813, 89.49922231603546, 52.98364908335048, 151.1132627403109, 135.51432617184747, 186.62446617261514, 110.64536349545308, 92.83810687140539, 80.41755212126849, 195.63083453752628, 159.13062061122912, 163.57929613859446, 72.11640248595558, 198.87077093920516, 104.337466476783, 160.86565945417738], "b": [[[0.0, 0.0, 0.0, 0.0, 0.0, 0.0, 0.0, 0.0, 0.0, 0.0, 0.0, 0.0, 0.0, 0.0, 0.0, 0.0, 0.0, 0.0, 0.0, 0.0, 0.0, 0.0, 0.0, 0.0, 0.0, 0.0, 0.0, 0.0], [0.0, 0.0, 0.0, 0.0, 0.0, 0.0, 0.0, 0.0, 0.0, 0.0, 0.0, 0.0, 0.0, 0.0, 0.0, 0.0, 0.0, 0.0, 0.0, 0.0, 0.0, 0.0, 0.0, 0.0, 0.0, 0.0, 0.0, 0.0], [0.0, 0.0, 0.0, 0.0, 0.0, 0.0, 0.0, 0.0, 0.0, 0.0, 0.0, 0.0, 0.0, 0.0, 0.0, 0.0, 0.0, 0.0, 0.0, 0.0, 0.0, 0.0, 0.0, 0.0, 0.0, 0.0, 0.0, 0.0], [0.0, 0.0, 0.0, 0.0, 0.0, 0.0, 0.0, 0.0, 0.0, 0.0, 0.0, 0.0, 0.0, 0.0, 0.0, 0.0, 0.0, 0.0, 0.0, 0.0, 0.0, 0.0, 0.0, 0.0, 0.0, 0.0, 0.0, 0.0]], [[0.0, 0.0, 0.0, 0.0, 0.0, 0.0, 0.0, 0.0, 0.0, 0.0, 0.0, 0.0, 0.0, 0.0, 0.0, 0.0, 0.0, 0.0, 0.0, 0.0, 0.0, 0.0, 0.0, 0.0, 0.0, 0.0, 0.0, 0.0], [0.0, 0.0, 0.0, 0.0, 0.0, 0.0, 0.0, 0.0, 0.0, 0.0, 0.0, 0.0, 0.0, 0.0, 0.0, 0.0, 0.0, 0.0, 0.0, 0.0, 0.0, 0.0, 0.0, 0.0, 0.0, 0.0, 0.0, 0.0], [0.0, 0.0, 0.0, 0.0, 0.0, 0.0, 0.0, 0.0, 0.0, 0.0, 0.0, 0.0, 0.0, 0.0, 0.0, 0.0, 0.0, 0.0, 0.0, 0.0, 0.0, 0.0, 0.0, 0.0, 0.0, 0.0, 0.0, 0.0], [0.0, 0.0, 0.0, 0.0, 0.0, 0.0, 0.0, 0.0, 0.0, 0.0, 0.0, 0.0, 0.0, 0.0, 0.0, 0.0, 0.0, 0.0, 0.0, 0.0, 0.0, 0.0, 0.0, 0.0, 0.0, 0.0, 0.0, 0.0]], [[0.0, 0.0, 0.0, 0.0, 0.0, 0.0, 0.0, 0.0, 0.0, 0.0, 0.0, 0.0, 0.0, 0.0, 0.0, 0.0, 0.0, 0.0, 0.0, 0.0, 0.0, 0.0, 0.0, 0.0, 0.0, 0.0, 0.0, 0.0], [0.0, 0.0, 0.0, 0.0, 0.0, 0.0, 0.0, 0.0, 0.0, 0.0, 0.0, 0.0, 0.0, 0.0, 0.0, 0.0, 0.0, 0.0, 0.0, 0.0, 0.0, 0.0, 0.0, 0.0, 0.0, 0.0, 0.0, 0.0], [0.0, 0.0, 0.0, 0.0, 0.0, 0.0, 0.0, 0.0, 0.0, 0.0, 0.0, 0.0, 0.0, 0.0, 0.0, 0.0, 0.0, 0.0, 0.0, 0.0, 0.0, 0.0, 0.0, 0.0, 0.0, 0.0, 0.0, 0.0], [0.0, 0.0, 0.0, 0.0, 0.0, 0.0, 0.0, 0.0, 0.0, 0.0, 0.0, 0.0, 0.0, 0.0, 0.0, 0.0, 0.0, 0.0, 0.0, 0.0, 0.0, 0.0, 0.0, 0.0, 0.0, 0.0, 0.0, 0.0]], [[0.0, 0.0, 0.0, 0.0, 0.0, 0.0, 0.0, 0.0, 0.0, 0.0, 0.0, 0.0, 0.0, 0.0, 0.0, 0.0, 0.0, 0.0, 0.0, 0.0, 0.0, 0.0, 0.0, 0.0, 0.0, 0.0, 0.0, 0.0], [0.0, 0.0, 0.0, 0.0, 0.0, 0.0, 0.0, 0.0, 0.0, 0.0, 0.0, 0.0, 0.0, 0.0, 0.0, 0.0, 0.0, 0.0, 0.0, 0.0, 0.0, 0.0, 0.0, 0.0, 0.0, 0.0, 0.0, 0.0], [0.0, 0.0, 0.0, 0.0, 0.0, 0.0, 0.0, 0.0, 0.0, 0.0, 0.0, 0.0, 0.0, 0.0, 0.0, 0.0, 0.0, 0.0, 0.0, 0.0, 0.0, 0.0, 0.0, 0.0, 0.0, 0.0, 0.0, 0.0], [0.0, 0.0, 0.0, 0.0, 0.0, 0.0, 0.0, 0.0, 0.0, 0.0, 0.0, 0.0, 0.0, 0.0, 0.0, 0.0, 0.0, 0.0, 0.0, 0.0, 0.0, 0.0, 0.0, 0.0, 0.0, 0.0, 0.0, 0.0]], [[0.0, 0.0, 0.0, 0.0, 0.0, 0.0, 0.0, 0.0, 0.0, 0.0, 0.0, 0.0, 0.0, 0.0, 0.0, 0.0, 0.0, 0.0, 0.0, 0.0, 0.0, 0.0, 0.0, 0.0, 0.0, 0.0, 0.0, 0.0], [0.0, 0.0, 0.0, 0.0, 0.0, 0.0, 0.0, 0.0, 0.0, 0.0, 0.0, 0.0, 0.0, 0.0, 0.0, 0.0, 0.0, 0.0, 0.0, 0.0, 0.0, 0.0, 0.0, 0.0, 0.0, 0.0, 0.0, 0.0], [0.0, 0.0, 0.0, 0.0, 0.0, 0.0, 0.0, 0.0, 0.0, 0.0, 0.0, 0.0, 0.0, 0.0, 0.0, 0.0, 0.0, 0.0, 0.0, 0.0, 0.0, 0.0, 0.0, 0.0, 0.0, 0.0, 0.0, 0.0], [0.0, 0.0, 0.0, 0.0, 0.0, 0.0, 0.0, 0.0, 0.0, 0.0, 0.0, 0.0, 0.0, 0.0, 0.0, 0.0, 0.0, 0.0, 0.0, 0.0, 0.0, 0.0, 0.0, 0.0, 0.0, 0.0, 0.0, 0.0]], [[0.0, 0.0, 0.0, 0.0, 0.0, 0.0, 0.0, 0.0, 0.0, 0.0, 0.0, 0.0, 0.0, 0.0, 0.0, 0.0, 0.0, 0.0, 0.0, 0.0, 0.0, 0.0, 0.0, 0.0, 0.0, 0.0, 0.0, 0.0], [0.0, 0.0, 0.0, 0.0, 0.0, 0.0, 0.0, 0.0, 0.0, 0.0, 0.0, 0.0, 0.0, 0.0, 0.0, 0.0, 0.0, 0.0, 0.0, 0.0, 0.0, 0.0, 0.0, 0.0, 0.0, 0.0, 0.0, 0.0], [0.0, 0.0, 0.0, 0.0, 0.0, 0.0, 0.0, 0.0, 0.0, 0.0, 0.0, 0.0, 0.0, 0.0, 0.0, 0.0, 0.0, 0.0, 0.0, 0.0, 0.0, 0.0, 0.0, 0.0, 0.0, 0.0, 0.0, 0.0], [0.0, 0.0, 0.0, 0.0, 0.0, 0.0, 0.0, 0.0, 0.0, 0.0, 0.0, 0.0, 0.0, 0.0, 0.0, 0.0, 0.0, 0.0, 0.0, 0.0, 0.0, 0.0, 0.0, 0.0, 0.0, 0.0, 0.0, 0.0]], [[0.0, 0.0, 0.0, 0.0, 0.0, 0.0, 0.0, 0.0, 0.0, 0.0, 0.0, 0.0, 0.0, 0.0, 0.0, 0.0, 0.0, 0.0, 0.0, 0.0, 0.0, 0.0, 0.0, 0.0, 0.0, 0.0, 0.0, 0.0], [0.0, 0.0, 0.0, 0.0, 0.0, 0.0, 0.0, 0.0, 0.0, 0.0, 0.0, 0.0, 0.0, 0.0, 0.0, 0.0, 0.0, 0.0, 0.0, 0.0, 0.0, 0.0, 0.0, 0.0, 0.0, 0.0, 0.0, 0.0], [0.0, 0.0, 0.0, 0.0, 0.0, 0.0, 0.0, 0.0, 0.0, 0.0, 0.0, 0.0, 0.0, 0.0, 0.0, 0.0, 0.0, 0.0, 0.0, 0.0, 0.0, 0.0, 0.0, 0.0, 0.0, 0.0, 0.0, 0.0], [0.0, 0.0, 0.0, 0.0, 0.0, 0.0, 0.0, 0.0, 0.0, 0.0, 0.0, 0.0, 0.0, 0.0, 0.0, 0.0, 0.0, 0.0, 0.0, 0.0, 0.0, 0.0, 0.0, 0.0, 0.0, 0.0, 0.0, 0.0]], [[0.0, 0.0, 0.0, 0.0, 0.0, 0.0, 0.0, 0.0, 0.0, 0.0, 0.0, 0.0, 0.0, 0.0, 0.0, 0.0, 0.0, 0.0, 0.0, 0.0, 0.0, 0.0, 0.0, 0.0, 0.0, 0.0, 0.0, 0.0], [0.0, 0.0, 0.0, 0.0, 0.0, 0.0, 0.0, 0.0, 0.0, 0.0, 0.0, 0.0, 0.0, 0.0, 0.0, 0.0, 0.0, 0.0, 0.0, 0.0, 0.0, 0.0, 0.0, 0.0, 0.0, 0.0, 0.0, 0.0], [0.0, 0.0, 0.0, 0.0, 0.0, 0.0, 0.0, 0.0, 0.0, 0.0, 0.0, 0.0, 0.0, 0.0, 0.0, 0.0, 0.0, 0.0, 0.0, 0.0, 0.0, 0.0, 0.0, 0.0, 0.0, 0.0, 0.0, 0.0], [0.0, 0.0, 0.0, 0.0, 0.0, 0.0, 0.0, 0.0, 0.0, 0.0, 0.0, 0.0, 0.0, 0.0, 0.0, 0.0, 0.0, 0.0, 0.0, 0.0, 0.0, 0.0, 0.0, 0.0, 0.0, 0.0, 0.0, 0.0]], [[0.0, 0.0, 0.0, 0.0, 0.0, 0.0, 0.0, 0.0, 0.0, 0.0, 0.0, 0.0, 0.0, 0.0, 0.0, 0.0, 0.0, 0.0, 0.0, 0.0, 0.0, 0.0, 0.0, 0.0, 0.0, 0.0, 0.0, 0.0], [0.0, 0.0, 0.0, 0.0, 0.0, 0.0, 0.0, 0.0, 0.0, 0.0, 0.0, 0.0, 0.0, 0.0, 0.0, 0.0, 0.0, 0.0, 0.0, 0.0, 0.0, 0.0, 0.0, 0.0, 0.0, 0.0, 0.0, 0.0], [0.0, 0.0, 0.0, 0.0, 0.0, 0.0, 0.0, 0.0, 0.0, 0.0, 0.0, 0.0, 0.0, 0.0, 0.0, 0.0, 0.0, 0.0, 0.0, 0.0, 0.0, 0.0, 0.0, 0.0, 0.0, 0.0, 0.0, 0.0], [0.0, 0.0, 0.0, 0.0, 0.0, 0.0, 0.0, 0.0, 0.0, 0.0, 0.0, 0.0, 0.0, 0.0, 0.0, 0.0, 0.0, 0.0, 0.0, 0.0, 0.0, 0.0, 0.0, 0.0, 0.0, 0.0, 0.0, 0.0]], [[0.0, 0.0, 0.0, 0.0, 0.0, 0.0, 0.0, 0.0, 0.0, 0.0, 0.0, 0.0, 0.0, 0.0, 0.0, 0.0, 0.0, 0.0, 0.0, 0.0, 0.0, 0.0, 0.0, 0.0, 0.0, 0.0, 0.0, 0.0], [0.0, 0.0, 0.0, 0.0, 0.0, 0.0, 0.0, 0.0, 0.0, 0.0, 0.0, 0.0, 0.0, 0.0, 0.0, 0.0, 0.0, 0.0, 0.0, 0.0, 0.0, 0.0, 0.0, 0.0, 0.0, 0.0, 0.0, 0.0], [0.0, 0.0, 0.0, 0.0, 0.0, 0.0, 0.0, 0.0, 0.0, 0.0, 0.0, 0.0, 0.0, 0.0, 0.0, 0.0, 0.0, 0.0, 0.0, 0.0, 0.0, 0.0, 0.0, 0.0, 0.0, 0.0, 0.0, 0.0], [0.0, 0.0, 0.0, 0.0, 0.0, 0.0, 0.0, 0.0, 0.0, 0.0, 0.0, 0.0, 0.0, 0.0, 0.0, 0.0, 0.0, 0.0, 0.0, 0.0, 0.0, 0.0, 0.0, 0.0, 0.0, 0.0, 0.0, 0.0]], [[0.0, 0.0, 0.0, 0.0, 0.0, 0.0, 0.0, 0.0, 0.0, 0.0, 0.0, 0.0, 0.0, 0.0, 0.0, 0.0, 0.0, 0.0, 0.0, 0.0, 0.0, 0.0, 0.0, 0.0, 0.0, 0.0, 0.0, 0.0], [0.0, 0.0, 0.0, 0.0, 0.0, 0.0, 0.0, 0.0, 0.0, 0.0, 0.0, 0.0, 0.0, 0.0, 0.0, 0.0, 0.0, 0.0, 0.0, 0.0, 0.0, 0.0, 0.0, 0.0, 0.0, 0.0, 0.0, 0.0], [0.0, 0.0, 0.0, 0.0, 0.0, 0.0, 0.0, 0.0, 0.0, 0.0, 0.0, 0.0, 0.0, 0.0, 0.0, 0.0, 0.0, 0.0, 0.0, 0.0, 0.0, 0.0, 0.0, 0.0, 0.0, 0.0, 0.0, 0.0], [0.0, 0.0, 0.0, 0.0, 0.0, 0.0, 0.0, 0.0, 0.0, 0.0, 0.0, 0.0, 0.0, 0.0, 0.0, 0.0, 0.0, 0.0, 0.0, 0.0, 0.0, 0.0, 0.0, 0.0, 0.0, 0.0, 0.0, 0.0]], [[0.0, 0.0, 0.0, 0.0, 0.0, 0.0, 0.0, 0.0, 0.0, 0.0, 0.0, 0.0, 0.0, 0.0, 0.0, 0.0, 0.0, 0.0, 0.0, 0.0, 0.0, 0.0, 0.0, 0.0, 0.0, 0.0, 0.0, 0.0], [0.0, 0.0, 0.0, 0.0, 0.0, 0.0, 0.0, 0.0, 0.0, 0.0, 0.0, 0.0, 0.0, 0.0, 0.0, 0.0, 0.0, 0.0, 0.0, 0.0, 0.0, 0.0, 0.0, 0.0, 0.0, 0.0, 0.0, 0.0], [0.0, 0.0, 0.0, 0.0, 0.0, 0.0, 0.0, 0.0, 0.0, 0.0, 0.0, 0.0, 0.0, 0.0, 0.0, 0.0, 0.0, 0.0, 0.0, 0.0, 0.0, 0.0, 0.0, 0.0, 0.0, 0.0, 0.0, 0.0], [0.0, 0.0, 0.0, 0.0, 0.0, 0.0, 0.0, 0.0, 0.0, 0.0, 0.0, 0.0, 0.0, 0.0, 0.0, 0.0, 0.0, 0.0, 0.0, 0.0, 0.0, 0.0, 0.0, 0.0, 0.0, 0.0, 0.0, 0.0]], [[0.0, 0.0, 0.0, 0.0, 0.0, 0.0, 0.0, 0.0, 0.0, 0.0, 0.0, 0.0, 0.0, 0.0, 0.0, 0.0, 0.0, 0.0, 0.0, 0.0, 0.0, 0.0, 0.0, 0.0, 0.0, 0.0, 0.0, 0.0], [0.0, 0.0, 0.0, 0.0, 0.0, 0.0, 0.0, 0.0, 0.0, 0.0, 0.0, 0.0, 0.0, 0.0, 0.0, 0.0, 0.0, 0.0, 0.0, 0.0, 0.0, 0.0, 0.0, 0.0, 0.0, 0.0, 0.0, 0.0], [0.0, 0.0, 0.0, 0.0, 0.0, 0.0, 0.0, 0.0, 0.0, 0.0, 0.0, 0.0, 0.0, 0.0, 0.0, 0.0, 0.0, 0.0, 0.0, 0.0, 0.0, 0.0, 0.0, 0.0, 0.0, 0.0, 0.0, 0.0], [0.0, 0.0, 0.0, 0.0, 0.0, 0.0, 0.0, 0.0, 0.0, 0.0, 0.0, 0.0, 0.0, 0.0, 0.0, 0.0, 0.0, 0.0, 0.0, 0.0, 0.0, 0.0, 0.0, 0.0, 0.0, 0.0, 0.0, 0.0]], [[0.0, 0.0, 0.0, 0.0, 0.0, 0.0, 0.0, 0.0, 0.0, 0.0, 0.0, 0.0, 0.0, 0.0, 0.0, 0.0, 0.0, 0.0, 0.0, 0.0, 0.0, 0.0, 0.0, 0.0, 0.0, 0.0, 0.0, 0.0], [0.0, 0.0, 0.0, 0.0, 0.0, 0.0, 0.0, 0.0, 0.0, 0.0, 0.0, 0.0, 0.0, 0.0, 0.0, 0.0, 0.0, 0.0, 0.0, 0.0, 0.0, 0.0, 0.0, 0.0, 0.0, 0.0, 0.0, 0.0], [0.0, 0.0, 0.0, 0.0, 0.0, 0.0, 0.0, 0.0, 0.0, 0.0, 0.0, 0.0, 0.0, 0.0, 0.0, 0.0, 0.0, 0.0, 0.0, 0.0, 0.0, 0.0, 0.0, 0.0, 0.0, 0.0, 0.0, 0.0], [0.0, 0.0, 0.0, 0.0, 0.0, 0.0, 0.0, 0.0, 0.0, 0.0, 0.0, 0.0, 0.0, 0.0, 0.0, 0.0, 0.0, 0.0, 0.0, 0.0, 0.0, 0.0, 0.0, 0.0, 0.0, 0.0, 0.0, 0.0]], [[0.0, 0.0, 0.0, 0.0, 0.0, 0.0, 0.0, 0.0, 0.0, 0.0, 0.0, 0.0, 0.0, 0.0, 0.0, 0.0, 0.0, 0.0, 0.0, 0.0, 0.0, 0.0, 0.0, 0.0, 0.0, 0.0, 0.0, 0.0], [0.0, 0.0, 0.0, 0.0, 0.0, 0.0, 0.0, 0.0, 0.0, 0.0, 0.0, 0.0, 0.0, 0.0, 0.0, 0.0, 0.0, 0.0, 0.0, 0.0, 0.0, 0.0, 0.0, 0.0, 0.0, 0.0, 0.0, 0.0], [0.0, 0.0, 0.0, 0.0, 0.0, 0.0, 0.0, 0.0, 0.0, 0.0, 0.0, 0.0, 0.0, 0.0, 0.0, 0.0, 0.0, 0.0, 0.0, 0.0, 0.0, 0.0, 0.0, 0.0, 0.0, 0.0, 0.0, 0.0], [0.0, 0.0, 0.0, 0.0, 0.0, 0.0, 0.0, 0.0, 0.0, 0.0, 0.0, 0.0, 0.0, 0.0, 0.0, 0.0, 0.0, 0.0, 0.0, 0.0, 0.0, 0.0, 0.0, 0.0, 0.0, 0.0, 0.0, 0.0]], [[0.0, 0.0, 0.0, 0.0, 0.0, 0.0, 0.0, 0.0, 0.0, 0.0, 0.0, 0.0, 0.0, 0.0, 0.0, 0.0, 0.0, 0.0, 0.0, 0.0, 0.0, 0.0, 0.0, 0.0, 0.0, 0.0, 0.0, 0.0], [0.0, 0.0, 0.0, 0.0, 0.0, 0.0, 0.0, 0.0, 0.0, 0.0, 0.0, 0.0, 0.0, 0.0, 0.0, 0.0, 0.0, 0.0, 0.0, 0.0, 0.0, 0.0, 0.0, 0.0, 0.0, 0.0, 0.0, 0.0], [0.0, 0.0, 0.0, 0.0, 0.0, 0.0, 0.0, 0.0, 0.0, 0.0, 0.0, 0.0, 0.0, 0.0, 0.0, 0.0, 0.0, 0.0, 0.0, 0.0, 0.0, 0.0, 0.0, 0.0, 0.0, 0.0, 0.0, 0.0], [0.0, 0.0, 0.0, 0.0, 0.0, 0.0, 0.0, 0.0, 0.0, 0.0, 0.0, 0.0, 0.0, 0.0, 0.0, 0.0, 0.0, 0.0, 0.0, 0.0, 0.0, 0.0, 0.0, 0.0, 0.0, 0.0, 0.0, 0.0]], [[0.0, 0.0, 0.0, 0.0, 0.0, 0.0, 0.0, 0.0, 0.0, 0.0, 0.0, 0.0, 0.0, 0.0, 0.0, 0.0, 0.0, 0.0, 0.0, 0.0, 0.0, 0.0, 0.0, 0.0, 0.0, 0.0, 0.0, 0.0], [0.0, 0.0, 0.0, 0.0, 0.0, 0.0, 0.0, 0.0, 0.0, 0.0, 0.0, 0.0, 0.0, 0.0, 0.0, 0.0, 0.0, 0.0, 0.0, 0.0, 0.0, 0.0, 0.0, 0.0, 0.0, 0.0, 0.0, 0.0], [0.0, 0.0, 0.0, 0.0, 0.0, 0.0, 0.0, 0.0, 0.0, 0.0, 0.0, 0.0, 0.0, 0.0, 0.0, 0.0, 0.0, 0.0, 0.0, 0.0, 0.0, 0.0, 0.0, 0.0, 0.0, 0.0, 0.0, 0.0], [0.0, 0.0, 0.0, 0.0, 0.0, 0.0, 0.0, 0.0, 0.0, 0.0, 0.0, 0.0, 0.0, 0.0, 0.0, 0.0, 0.0, 0.0, 0.0, 0.0, 0.0, 0.0, 0.0, 0.0, 0.0, 0.0, 0.0, 0.0]], [[0.0, 0.0, 0.0, 0.0, 0.0, 0.0, 0.0, 0.0, 0.0, 0.0, 0.0, 0.0, 0.0, 0.0, 0.0, 0.0, 0.0, 0.0, 0.0, 0.0, 0.0, 0.0, 0.0, 0.0, 0.0, 0.0, 0.0, 0.0], [0.0, 0.0, 0.0, 0.0, 0.0, 0.0, 0.0, 0.0, 0.0, 0.0, 0.0, 0.0, 0.0, 0.0, 0.0, 0.0, 0.0, 0.0, 0.0, 0.0, 0.0, 0.0, 0.0, 0.0, 0.0, 0.0, 0.0, 0.0], [0.0, 0.0, 0.0, 0.0, 0.0, 0.0, 0.0, 0.0, 0.0, 0.0, 0.0, 0.0, 0.0, 0.0, 0.0, 0.0, 0.0, 0.0, 0.0, 0.0, 0.0, 0.0, 0.0, 0.0, 0.0, 0.0, 0.0, 0.0], [0.0, 0.0, 0.0, 0.0, 0.0, 0.0, 0.0, 0.0, 0.0, 0.0, 0.0, 0.0, 0.0, 0.0, 0.0, 0.0, 0.0, 0.0, 0.0, 0.0, 0.0, 0.0, 0.0, 0.0, 0.0, 0.0, 0.0, 0.0]], [[0.0, 0.0, 0.0, 0.0, 0.0, 0.0, 0.0, 0.0, 0.0, 0.0, 0.0, 0.0, 0.0, 0.0, 0.0, 0.0, 0.0, 0.0, 0.0, 0.0, 0.0, 0.0, 0.0, 0.0, 0.0, 0.0, 0.0, 0.0], [0.0, 0.0, 0.0, 0.0, 0.0, 0.0, 0.0, 0.0, 0.0, 0.0, 0.0, 0.0, 0.0, 0.0, 0.0, 0.0, 0.0, 0.0, 0.0, 0.0, 0.0, 0.0, 0.0, 0.0, 0.0, 0.0, 0.0, 0.0], [0.0, 0.0, 0.0, 0.0, 0.0, 0.0, 0.0, 0.0, 0.0, 0.0, 0.0, 0.0, 0.0, 0.0, 0.0, 0.0, 0.0, 0.0, 0.0, 0.0, 0.0, 0.0, 0.0, 0.0, 0.0, 0.0, 0.0, 0.0], [0.0, 0.0, 0.0, 0.0, 0.0, 0.0, 0.0, 0.0, 0.0, 0.0, 0.0, 0.0, 0.0, 0.0, 0.0, 0.0, 0.0, 0.0, 0.0, 0.0, 0.0, 0.0, 0.0, 0.0, 0.0, 0.0, 0.0, 0.0]], [[0.0, 0.0, 0.0, 0.0, 0.0, 0.0, 0.0, 0.0, 0.0, 0.0, 0.0, 0.0, 0.0, 0.0, 0.0, 0.0, 0.0, 0.0, 0.0, 0.0, 0.0, 0.0, 0.0, 0.0, 0.0, 0.0, 0.0, 0.0], [0.0, 0.0, 0.0, 0.0, 0.0, 0.0, 0.0, 0.0, 0.0, 0.0, 0.0, 0.0, 0.0, 0.0, 0.0, 0.0, 0.0, 0.0, 0.0, 0.0, 0.0, 0.0, 0.0, 0.0, 0.0, 0.0, 0.0, 0.0], [0.0, 0.0, 0.0, 0.0, 0.0, 0.0, 0.0, 0.0, 0.0, 0.0, 0.0, 0.0, 0.0, 0.0, 0.0, 0.0, 0.0, 0.0, 0.0, 0.0, 0.0, 0.0, 0.0, 0.0, 0.0, 0.0, 0.0, 0.0], [0.0, 0.0, 0.0, 0.0, 0.0, 0.0, 0.0, 0.0, 0.0, 0.0, 0.0, 0.0, 0.0, 0.0, 0.0, 0.0, 0.0, 0.0, 0.0, 0.0, 0.0, 0.0, 0.0, 0.0, 0.0, 0.0, 0.0, 0.0]], [[0.0, 0.0, 0.0, 0.0, 0.0, 0.0, 0.0, 0.0, 0.0, 0.0, 0.0, 0.0, 0.0, 0.0, 0.0, 0.0, 0.0, 0.0, 0.0, 0.0, 0.0, 0.0, 0.0, 0.0, 0.0, 0.0, 0.0, 0.0], [0.0, 0.0, 0.0, 0.0, 0.0, 0.0, 0.0, 0.0, 0.0, 0.0, 0.0, 0.0, 0.0, 0.0, 0.0, 0.0, 0.0, 0.0, 0.0, 0.0, 0.0, 0.0, 0.0, 0.0, 0.0, 0.0, 0.0, 0.0], [0.0, 0.0, 0.0, 0.0, 0.0, 0.0, 0.0, 0.0, 0.0, 0.0, 0.0, 0.0, 0.0, 0.0, 0.0, 0.0, 0.0, 0.0, 0.0, 0.0, 0.0, 0.0, 0.0, 0.0, 0.0, 0.0, 0.0, 0.0], [0.0, 0.0, 0.0, 0.0, 0.0, 0.0, 0.0, 0.0, 0.0, 0.0, 0.0, 0.0, 0.0, 0.0, 0.0, 0.0, 0.0, 0.0, 0.0, 0.0, 0.0, 0.0, 0.0, 0.0, 0.0, 0.0, 0.0, 0.0]], [[0.0, 0.0, 0.0, 0.0, 0.0, 0.0, 0.0, 0.0, 0.0, 0.0, 0.0, 0.0, 0.0, 0.0, 0.0, 0.0, 0.0, 0.0, 0.0, 0.0, 0.0, 0.0, 0.0, 0.0, 0.0, 0.0, 0.0, 0.0], [0.0, 0.0, 0.0, 0.0, 0.0, 0.0, 0.0, 0.0, 0.0, 0.0, 0.0, 0.0, 0.0, 0.0, 0.0, 0.0, 0.0, 0.0, 0.0, 0.0, 0.0, 0.0, 0.0, 0.0, 0.0, 0.0, 0.0, 0.0], [0.0, 0.0, 0.0, 0.0, 0.0, 0.0, 0.0, 0.0, 0.0, 0.0, 0.0, 0.0, 0.0, 0.0, 0.0, 0.0, 0.0, 0.0, 0.0, 0.0, 0.0, 0.0, 0.0, 0.0, 0.0, 0.0, 0.0, 0.0], [0.0, 0.0, 0.0, 0.0, 0.0, 0.0, 0.0, 0.0, 0.0, 0.0, 0.0, 0.0, 0.0, 0.0, 0.0, 0.0, 0.0, 0.0, 0.0, 0.0, 0.0, 0.0, 0.0, 0.0, 0.0, 0.0, 0.0, 0.0]], [[0.0, 0.0, 0.0, 0.0, 0.0, 0.0, 0.0, 0.0, 0.0, 0.0, 0.0, 0.0, 0.0, 0.0, 0.0, 0.0, 0.0, 0.0, 0.0, 0.0, 0.0, 0.0, 0.0, 0.0, 0.0, 0.0, 0.0, 0.0], [0.0, 0.0, 0.0, 0.0, 0.0, 0.0, 0.0, 0.0, 0.0, 0.0, 0.0, 0.0, 0.0, 0.0, 0.0, 0.0, 0.0, 0.0, 0.0, 0.0, 0.0, 0.0, 0.0, 0.0, 0.0, 0.0, 0.0, 0.0], [0.0, 0.0, 0.0, 0.0, 0.0, 0.0, 0.0, 0.0, 0.0, 0.0, 0.0, 0.0, 0.0, 0.0, 0.0, 0.0, 0.0, 0.0, 0.0, 0.0, 0.0, 0.0, 0.0, 0.0, 0.0, 0.0, 0.0, 0.0], [0.0, 0.0, 0.0, 0.0, 0.0, 0.0, 0.0, 0.0, 0.0, 0.0, 0.0, 0.0, 0.0, 0.0, 0.0, 0.0, 0.0, 0.0, 0.0, 0.0, 0.0, 0.0, 0.0, 0.0, 0.0, 0.0, 0.0, 0.0]], [[0.0, 0.0, 0.0, 0.0, 0.0, 0.0, 0.0, 0.0, 0.0, 0.0, 0.0, 0.0, 0.0, 0.0, 0.0, 0.0, 0.0, 0.0, 0.0, 0.0, 0.0, 0.0, 0.0, 0.0, 0.0, 0.0, 0.0, 0.0], [0.0, 0.0, 0.0, 0.0, 0.0, 0.0, 0.0, 0.0, 0.0, 0.0, 0.0, 0.0, 0.0, 0.0, 0.0, 0.0, 0.0, 0.0, 0.0, 0.0, 0.0, 0.0, 0.0, 0.0, 0.0, 0.0, 0.0, 0.0], [0.0, 0.0, 0.0, 0.0, 0.0, 0.0, 0.0, 0.0, 0.0, 0.0, 0.0, 0.0, 0.0, 0.0, 0.0, 0.0, 0.0, 0.0, 0.0, 0.0, 0.0, 0.0, 0.0, 0.0, 0.0, 0.0, 0.0, 0.0], [0.0, 0.0, 0.0, 0.0, 0.0, 0.0, 0.0, 0.0, 0.0, 0.0, 0.0, 0.0, 0.0, 0.0, 0.0, 0.0, 0.0, 0.0, 0.0, 0.0, 0.0, 0.0, 0.0, 0.0, 0.0, 0.0, 0.0, 0.0]], [[0.0, 0.0, 0.0, 0.0, 0.0, 0.0, 0.0, 0.0, 0.0, 0.0, 0.0, 0.0, 0.0, 0.0, 0.0, 0.0, 0.0, 0.0, 0.0, 0.0, 0.0, 0.0, 0.0, 0.0, 0.0, 0.0, 0.0, 0.0], [0.0, 0.0, 0.0, 0.0, 0.0, 0.0, 0.0, 0.0, 0.0, 0.0, 0.0, 0.0, 0.0, 0.0, 0.0, 0.0, 0.0, 0.0, 0.0, 0.0, 0.0, 0.0, 0.0, 0.0, 0.0, 0.0, 0.0, 0.0], [0.0, 0.0, 0.0, 0.0, 0.0, 0.0, 0.0, 0.0, 0.0, 0.0, 0.0, 0.0, 0.0, 0.0, 0.0, 0.0, 0.0, 0.0, 0.0, 0.0, 0.0, 0.0, 0.0, 0.0, 0.0, 0.0, 0.0, 0.0], [0.0, 0.0, 0.0, 0.0, 0.0, 0.0, 0.0, 0.0, 0.0, 0.0, 0.0, 0.0, 0.0, 0.0, 0.0, 0.0, 0.0, 0.0, 0.0, 0.0, 0.0, 0.0, 0.0, 0.0, 0.0, 0.0, 0.0, 0.0]]], "t": [[99999999.0, 7.292836943366555, 6.991372875871079, 6.826980665767433, 13.027260482787943, 8.554292735859566, 11.918804938197864, 14.522816912120298, 8.686862312014721, 7.256078523277344, 5.557135676270489, 10.754707591963362, 9.952655960033614, 10.456305816547117, 5.869864859813231, 6.806475583985828, 9.461967653684095, 6.331704794641589, 11.829966570749834, 7.871405663444136, 5.484680220501028, 6.712749704443101, 13.538281217341376, 14.90147460462108, 14.951922314612972, 11.563373414476128, 8.302214566476554, 11.571196044283266, 7.422120579907673, 12.702460586171139], [7.292836943366555, 99999999.0, 7.674180308106221, 12.277817022823653, 11.99688005681694, 10.369066691284434, 10.900306644612698, 13.502388807089554, 7.948882096605851, 13.667387491728721, 7.9115595668286005, 7.571535347812764, 14.083638197967813, 8.557053200998636, 14.662439150770705, 5.98359710468387, 6.500509279902315, 11.595701435766124, 6.90374257778274, 7.75111410387292, 6.999621910721792, 8.168355949836672, 6.003173400824039, 8.889869750998916, 12.461198994801377, 9.26111240522179, 6.927598714215907, 13.296675989245024, 10.728628537521887, 6.701225003336883], [6.991372875871079, 7.674180308106221, 99999999.0, 10.792951575591792, 10.023761794429268, 7.383727368567903, 13.027982777701364, 10.682176867086818, 12.764192229884333, 10.478371534326575, 12.350518002008608, 10.327593943851962, 13.793123146764161, 9.94086710116759, 8.564726426197796, 13.909099589014726, 11.372229612153959, 14.028998907496277, 12.085998093081932, 9.182604133495422, 9.458381534462223, 7.801575169393833, 9.162814496141836, 13.852579802990611, 13.418242912187289, 7.869737968788732, 5.929086629693382, 12.551792507249562, 10.881170407520418, 7.881189942052302], [6.826980665767433, 12.277817022823653, 10.792951575591792, 99999999.0, 11.921171596253505, 5.429641436867828, 8.255140183960174, 8.952322918439972, 5.74857160479881, 12.537021269591616, 8.715288385046428, 8.814787123006504, 10.178281485966696, 11.921295969645708, 5.149863986624346, 8.735749572828091, 14.123302601915862, 14.203264076280059, 10.037376655623907, 9.262250303700766, 13.698195928280587, 6.6291330313555195, 8.871697624792017, 6.549211084266115, 12.081815358106974, 7.279497463770777, 7.878769644726448, 5.381502506549424, 10.707428463552791, 7.2116175033860985], [13.027260482787943, 11.99688005681694, 10.023761794429268, 11.921171596253505, 99999999.0, 7.116943852621219, 6.110795975089546, 10.141655716657537, 10.775095800575372, 8.619623050509807, 11.911734009536936, 6.194808482715648, 6.0816637452856455, 8.51965785956898, 14.60685461165126, 7.225434910541134, 5.862496618259488, 12.169262621275418, 6.339876942288848, 8.722893843509974, 5.34818653996499, 14.224619730928211, 7.221765345878081, 7.077780602553459, 5.621835113038541, 6.2268202312171255, 12.226842744009474, 6.323876597021076, 6.8137797361011865, 9.50287608849235], [8.554292735859566, 10.369066691284434, 7.383727368567903, 5.429641436867828, 7.116943852621219, 99999999.0, 6.317637433368684, 9.347796633021376, 6.3224703094308055, 9.391677763154771, 11.208050530573617, 11.762271050291377, 9.095888537869147, 9.716573146175582, 7.394853695978089, 5.538598906410104, 5.426869394159802, 11.062330957603583, 13.603020015436824, 10.617641156476605, 7.5816459946375145, 11.648217400537131, 9.410477801471238, 12.746008471470095, 9.925708823063957, 7.810965395665912, 12.128933149779957, 8.211605143355168, 14.57893639527967, 14.202963977697586], [11.918804938197864, 10.900306644612698, 13.027982777701364, 8.255140183960174, 6.110795975089546, 6.317637433368684, 99999999.0, 13.012417711888926, 10.495656669031744, 11.539395851575888, 14.178100861466543, 5.147586110936766, 8.770176394413738, 13.189137358535728, 7.56306571630062, 5.725480885238419, 14.042023746881465, 11.279300289066436, 6.070023361846881, 13.476685292771869, 14.014583892481234, 7.658881188783652, 8.645592269982856, 6.435787902221818, 7.64726895250066, 6.765027153328043, 9.165209579816164, 11.243258327222389, 7.911728444903697, 11.11017092591953], [14.522816912120298, 13.502388807089554, 10.682176867086818, 8.952322918439972, 10.141655716657537, 9.347796633021376, 13.012417711888926, 99999999.0, 5.186632092751537, 10.802948938419767, 10.315237174204501, 8.015047092433743, 11.718098176161622, 6.367069433101387, 12.96157661193319, 13.866078091550122, 8.927967139630837, 6.590046682301887, 7.930490647522301, 9.212579907532335, 9.2074649121563, 12.117788093950741, 6.285856267700652, 7.277602157146042, 5.898529212791434, 14.010804748810129, 10.075534419491948, 13.116753887593964, 10.648016113522072, 9.586116716243996], [8.686862312014721, 7.948882096605851, 12.764192229884333, 5.74857160479881, 10.775095800575372, 6.3224703094308055, 10.495656669031744, 5.186632092751537, 99999999.0, 11.025228059821911, 8.989040273755887, 8.539350042124722, 12.058165560038736, 6.287722325764418, 10.39410960913117, 9.971071904464521, 9.709029119892367, 9.270169842527238, 7.1375286912532605, 6.4279948322836145, 9.900670017141486, 8.073918886551748, 6.997288754326437, 6.323511459682245, 6.851766979099525, 6.006359139802155, 14.693313325749536, 7.594122544258644, 14.076663343826953, 5.880961357990793], [7.256078523277344, 13.667387491728721, 10.478371534326575, 12.537021269591616, 8.619623050509807, 9.391677763154771, 11.539395851575888, 10.802948938419767, 11.025228059821911, 99999999.0, 6.040325501267104, 7.965434763602637, 9.626234896931905, 13.210886325947799, 9.853286766889074, 10.678329398266701, 9.667408907201413, 9.563038891790075, 14.774328282274949, 5.05318475543498, 10.29347776732928, 8.230575200746259, 9.717207566933006, 6.9117367572126955, 5.6897374555365605, 14.0663615173686, 14.445509988474766, 12.362089804534824, 13.521078394022506, 14.033731988160733], [5.557135676270489, 7.9115595668286005, 12.350518002008608, 8.715288385046428, 11.911734009536936, 11.208050530573617, 14.178100861466543, 10.315237174204501, 8.989040273755887, 6.040325501267104, 99999999.0, 13.780786761047034, 6.065533841654252, 12.230078722613825, 7.931759630273335, 10.435148726018943, 12.692912828235087, 14.798560142427709, 8.226459322527203, 5.409448737106192, 10.983470248559069, 9.675256575137952, 14.727446003649904, 8.710277850921262, 14.055815710139838, 12.06287827094484, 8.093121140636816, 10.8909349600607, 11.967028847739737, 6.678120072860411], [10.754707591963362, 7.571535347812764, 10.327593943851962, 8.814787123006504, 6.194808482715648, 11.762271050291377, 5.147586110936766, 8.015047092433743, 8.539350042124722, 7.965434763602637, 13.780786761047034, 99999999.0, 10.18495601988811, 14.333969699686797, 11.004730370461454, 6.969839621988245, 8.63019056301209, 12.57112542526011, 11.982373376708178, 10.777658299136387, 11.66193295968837, 12.715258731642898, 7.6977664549548095, 12.551683672061877, 7.553197833499944, 13.212513523330028, 9.656118172995793, 5.334855549271017, 8.535187613142467, 9.248444334698494], [9.952655960033614, 14.083638197967813, 13.793123146764161, 10.178281485966696, 6.0816637452856455, 9.095888537869147, 8.770176394413738, 11.718098176161622, 12.058165560038736, 9.626234896931905, 6.065533841654252, 10.18495601988811, 99999999.0, 14.247967409562811, 14.324239419804766, 8.995092321067744, 5.801029851278048, 7.848328016819259, 12.930869386263055, 14.268639954061838, 13.485315051030879, 10.023515863991939, 10.493080667954036, 13.526715198935563, 14.196947449862376, 7.232833412028419, 14.816258599572098, 6.996901590865518, 7.168817936657749, 13.91685815199027], [10.456305816547117, 8.557053200998636, 9.94086710116759, 11.921295969645708, 8.51965785956898, 9.716573146175582, 13.189137358535728, 6.367069433101387, 6.287722325764418, 13.210886325947799, 12.230078722613825, 14.333969699686797, 14.247967409562811, 99999999.0, 9.162486708119703, 6.7329669850059854, 8.676236119953737, 9.927475907349395, 10.588915767140346, 6.362342701513278, 6.791432782549679, 11.060585298190247, 10.129876090992813, 8.121295969374511, 6.842443279714505, 5.3837485283064845, 8.25796779768011, 10.434798108049304, 10.820197684457671, 11.347349138014987], [5.869864859813231, 14.662439150770705, 8.564726426197796, 5.149863986624346, 14.60685461165126, 7.394853695978089, 7.56306571630062, 12.96157661193319, 10.39410960913117, 9.853286766889074, 7.931759630273335, 11.004730370461454, 14.324239419804766, 9.162486708119703, 99999999.0, 8.667023045984177, 8.881414729294924, 11.359390585289644, 8.199959291483243, 14.806502044399735, 7.804082004042088, 8.0494610798999, 9.518153173393614, 11.502367708198678, 5.775570663945137, 8.743194216477018, 7.125786309598815, 12.07610803554858, 14.26989650390128, 13.513524333655505], [6.806475583985828, 5.98359710468387, 13.909099589014726, 8.735749572828091, 7.225434910541134, 5.538598906410104, 5.725480885238419, 13.866078091550122, 9.971071904464521, 10.678329398266701, 10.435148726018943, 6.969839621988245, 8.995092321067744, 6.7329669850059854, 8.667023045984177, 99999999.0, 7.085818885007328, 8.752036692429321, 14.4004181533124, 10.615630472910107, 5.184436611771897, 10.69921013037893, 7.710078794036875, 7.835472895406882, 6.835881311872391, 14.612956441675978, 7.195165409786183, 5.303519678044218, 6.092128350737242, 6.966166862853614], [9.461967653684095, 6.500509279902315, 11.372229612153959, 14.123302601915862, 5.862496618259488, 5.426869394159802, 14.042023746881465, 8.927967139630837, 9.709029119892367, 9.667408907201413, 12.692912828235087, 8.63019056301209, 5.801029851278048, 8.676236119953737, 8.881414729294924, 7.085818885007328, 99999999.0, 8.458672125925817, 12.164250991469121, 11.79590543276483, 6.452680885510689, 9.57293720224564, 8.302113090832004, 10.996496073438312, 6.99939814709319, 9.837791076194183, 12.86368629193188, 11.200273689500829, 9.715934408100741, 7.2073176935236365], [6.331704794641589, 11.595701435766124, 14.028998907496277, 14.203264076280059, 12.169262621275418, 11.062330957603583, 11.279300289066436, 6.590046682301887, 9.270169842527238, 9.563038891790075, 14.798560142427709, 12.57112542526011, 7.848328016819259, 9.927475907349395, 11.359390585289644, 8.752036692429321, 8.458672125925817, 99999999.0, 11.118337480773075, 14.678487226028269, 14.767204910478991, 7.367687316556589, 12.159575428354007, 10.020668522443103, 12.418874806952655, 8.93894234475054, 5.597974696172013, 8.720892484459917, 10.215388400287233, 9.01385528473022], [11.829966570749834, 6.90374257778274, 12.085998093081932, 10.037376655623907, 6.339876942288848, 13.603020015436824, 6.070023361846881, 7.930490647522301, 7.1375286912532605, 14.774328282274949, 8.226459322527203, 11.982373376708178, 12.930869386263055, 10.588915767140346, 8.199959291483243, 14.4004181533124, 12.164250991469121, 11.118337480773075, 99999999.0, 12.144988117675506, 5.823025795832541, 12.040214564067995, 8.508007453980984, 7.867441408126952, 7.444304115527832, 8.832940050294615, 5.95091768401741, 6.531768106045393, 12.098243928377963, 7.191115583793631], [7.871405663444136, 7.75111410387292, 9.182604133495422, 9.262250303700766, 8.722893843509974, 10.617641156476605, 13.476685292771869, 9.212579907532335, 6.4279948322836145, 5.05318475543498, 5.409448737106192, 10.777658299136387, 14.268639954061838, 6.362342701513278, 14.806502044399735, 10.615630472910107, 11.79590543276483, 14.678487226028269, 12.144988117675506, 99999999.0, 12.737668781445588, 13.505319343940329, 10.980830925750958, 14.75915524246662, 14.037420726288135, 10.765499131057368, 9.188106345255473, 10.154899349724744, 5.272555451372743, 14.980483261093424], [5.484680220501028, 6.999621910721792, 9.458381534462223, 13.698195928280587, 5.34818653996499, 7.5816459946375145, 14.014583892481234, 9.2074649121563, 9.900670017141486, 10.29347776732928, 10.983470248559069, 11.66193295968837, 13.485315051030879, 6.791432782549679, 7.804082004042088, 5.184436611771897, 6.452680885510689, 14.767204910478991, 5.823025795832541, 12.737668781445588, 99999999.0, 7.333035327936148, 10.402903135974956, 9.307852093158377, 10.178836887613262, 11.04871565575121, 8.394812466224742, 5.382273755030587, 10.648272547762707, 11.387761829326994], [6.712749704443101, 8.168355949836672, 7.801575169393833, 6.6291330313555195, 14.224619730928211, 11.648217400537131, 7.658881188783652, 12.117788093950741, 8.073918886551748, 8.230575200746259, 9.675256575137952, 12.715258731642898, 10.023515863991939, 11.060585298190247, 8.0494610798999, 10.69921013037893, 9.57293720224564, 7.367687316556589, 12.040214564067995, 13.505319343940329, 7.333035327936148, 99999999.0, 12.153445749919626, 13.259901081680157, 9.813359376655738, 7.622722245133899, 12.512528203618993, 13.085473342662272, 6.983102624030764, 7.665306090112546], [13.538281217341376, 6.003173400824039, 9.162814496141836, 8.871697624792017, 7.221765345878081, 9.410477801471238, 8.645592269982856, 6.285856267700652, 6.997288754326437, 9.717207566933006, 14.727446003649904, 7.6977664549548095, 10.493080667954036, 10.129876090992813, 9.518153173393614, 7.710078794036875, 8.302113090832004, 12.159575428354007, 8.508007453980984, 10.980830925750958, 10.402903135974956, 12.153445749919626, 99999999.0, 12.682664000950922, 12.198853997310476, 9.114241300654463, 14.144731781740651, 5.619286883797672, 10.74502345436077, 12.765956132043355], [14.90147460462108, 8.889869750998916, 13.852579802990611, 6.549211084266115, 7.077780602553459, 12.746008471470095, 6.435787902221818, 7.277602157146042, 6.323511459682245, 6.9117367572126955, 8.710277850921262, 12.551683672061877, 13.526715198935563, 8.121295969374511, 11.502367708198678, 7.835472895406882, 10.996496073438312, 10.020668522443103, 7.867441408126952, 14.75915524246662, 9.307852093158377, 13.259901081680157, 12.682664000950922, 99999999.0, 8.519593684120185, 6.001785650370258, 14.340996144868752, 7.803681659794006, 9.159595855486588, 5.787324992236229], [14.951922314612972, 12.461198994801377, 13.418242912187289, 12.081815358106974, 5.621835113038541, 9.925708823063957, 7.64726895250066, 5.898529212791434, 6.851766979099525, 5.6897374555365605, 14.055815710139838, 7.553197833499944, 14.196947449862376, 6.842443279714505, 5.775570663945137, 6.835881311872391, 6.99939814709319, 12.418874806952655, 7.444304115527832, 14.037420726288135, 10.178836887613262, 9.813359376655738, 12.198853997310476, 8.519593684120185, 99999999.0, 14.459813977618989, 10.420706600907089, 10.129740513163666, 5.794416337025888, 10.97320977470364], [11.563373414476128, 9.26111240522179, 7.869737968788732, 7.279497463770777, 6.2268202312171255, 7.810965395665912, 6.765027153328043, 14.010804748810129, 6.006359139802155, 14.0663615173686, 12.06287827094484, 13.212513523330028, 7.232833412028419, 5.3837485283064845, 8.743194216477018, 14.612956441675978, 9.837791076194183, 8.93894234475054, 8.832940050294615, 10.765499131057368, 11.04871565575121, 7.622722245133899, 9.114241300654463, 6.001785650370258, 14.459813977618989, 99999999.0, 10.862540382878281, 14.47927501540581, 11.638201547329682, 5.799606749696919], [8.302214566476554, 6.927598714215907, 5.929086629693382, 7.878769644726448, 12.226842744009474, 12.128933149779957, 9.165209579816164, 10.075534419491948, 14.693313325749536, 14.445509988474766, 8.093121140636816, 9.656118172995793, 14.816258599572098, 8.25796779768011, 7.125786309598815, 7.195165409786183, 12.86368629193188, 5.597974696172013, 5.95091768401741, 9.188106345255473, 8.394812466224742, 12.512528203618993, 14.144731781740651, 14.340996144868752, 10.420706600907089, 10.862540382878281, 99999999.0, 9.497377059453337, 10.865279719619574, 5.356754701377447], [11.571196044283266, 13.296675989245024, 12.551792507249562, 5.381502506549424, 6.323876597021076, 8.211605143355168, 11.243258327222389, 13.116753887593964, 7.594122544258644, 12.362089804534824, 10.8909349600607, 5.334855549271017, 6.996901590865518, 10.434798108049304, 12.07610803554858, 5.303519678044218, 11.200273689500829, 8.720892484459917, 6.531768106045393, 10.154899349724744, 5.382273755030587, 13.085473342662272, 5.619286883797672, 7.803681659794006, 10.129740513163666, 14.47927501540581, 9.497377059453337, 99999999.0, 8.018576710235994, 8.674344274312336], [7.422120579907673, 10.728628537521887, 10.881170407520418, 10.707428463552791, 6.8137797361011865, 14.57893639527967, 7.911728444903697, 10.648016113522072, 14.076663343826953, 13.521078394022506, 11.967028847739737, 8.535187613142467, 7.168817936657749, 10.820197684457671, 14.26989650390128, 6.092128350737242, 9.715934408100741, 10.215388400287233, 12.098243928377963, 5.272555451372743, 10.648272547762707, 6.983102624030764, 10.74502345436077, 9.159595855486588, 5.794416337025888, 11.638201547329682, 10.865279719619574, 8.018576710235994, 99999999.0, 5.243147449240306], [12.702460586171139, 6.701225003336883, 7.881189942052302, 7.2116175033860985, 9.50287608849235, 14.202963977697586, 11.11017092591953, 9.586116716243996, 5.880961357990793, 14.033731988160733, 6.678120072860411, 9.248444334698494, 13.91685815199027, 11.347349138014987, 13.513524333655505, 6.966166862853614, 7.2073176935236365, 9.01385528473022, 7.191115583793631, 14.980483261093424, 11.387761829326994, 7.665306090112546, 12.765956132043355, 5.787324992236229, 10.97320977470364, 5.799606749696919, 5.356754701377447, 8.674344274312336, 5.243147449240306, 99999999.0]], "M": 99999999.0}