{"num_workers": 25, "num_roles": 4, "num_nodes": 30, "w": [[0, 0], [245.89549112159358, 279.2462777390415], [153.57466850503934, 178.87823442159518], [320.24480621161945, 352.5999086402287], [235.98020708923596, 272.79614373441797], [57.41012792681165, 93.72125038027501], [393.7134267943223, 423.5097278550949], [116.49517146569954, 154.86233729006003], [285.3555418080933, 317.0972805525116], [87.60436548475825, 118.69417478848217], [381.7890294215591, 421.4477683518001], [154.54268899578398, 183.47810990090517], [17.681491806820187, 47.26715847604872], [354.3982581108131, 393.3990646752487], [331.35841652641494, 366.68877149928096], [286.1255748860726, 315.2170549719183], [324.1577807267256, 353.6279812772274], [376.4402890000769, 403.3100118649629], [158.83671190524612, 196.94964213439403], [47.63913261571645, 75.80408600103861], [301.99302802948364, 332.79959799844937], [242.24109402335023, 267.4639896985359], [359.72854034863684, 390.94180538014433], [247.65482787411528, 275.6120032772839], [326.14107977318, 351.18474500550707], [351.80998819394523, 391.41751576309423], [305.7211897112478, 331.6855627406983], [65.18458484778327, 100.00447514711664], [152.1676239439717, 192.10829142831932], [0, 450]], "p": [0, 9.1757229965744, 13.142848850347612, 8.13456299153904, 15.677298446895625, 19.046039368183386, 11.044242656092507, 18.95685356910451, 18.81403695906374, 19.899212155410684, 19.467050308662607, 15.210640591732705, 9.130756468803826, 17.79047620022665, 11.746880109393866, 14.051416305465352, 13.166140156426728, 9.053376572280547, 12.78121402665522, 13.285385726350427, 13.129190545141935, 7.2825842961408656, 18.330194636844627, 8.606742957986704, 12.716583064313687, 19.063287914517264, 14.826398542313639, 9.028119018103446, 23.07526868770689, 0], "e": [[1, 1, 0, 0], [1, 1, 0, 0], [1, 0, 0, 1], [0, 1, 0, 1], [0, 1, 0, 1], [1, 0, 1, 0], [1, 1, 0, 0], [0, 1, 1, 0], [0, 1, 0, 1], [1, 0, 0, 1], [0, 0, 1, 1], [0, 0, 1, 1], [1, 0, 0, 1], [0, 1, 0, 1], [0, 0, 1, 1], [0, 0, 1, 0], [0, 1, 0, 0], [0, 0, 1, 0], [0, 0, 1, 0], [1, 0, 0, 0], [0, 1, 0, 0], [1, 0, 0, 0], [0, 0, 1, 0], [0, 0, 1, 0], [1, 0, 0, 0]], "d": [[1, 1, 1, 2, 0, 1, 1, 0, 1, 0, 0, 0, 1, 1, 1, 1, 3, 2, 1, 3, 0, 1, 2, 0, 2, 3, 1, 0], [0, 1, 2, 3, 3, 1, 1, 2, 2, 2, 1, 4, 2, 3, 1, 1, 1, 0, 1, 1, 2, 2, 0, 3, 0, 1, 1, 0], [2, 1, 1, 1, 3, 1, 1, 0, 2, 0, 2, 0, 0, 1, 1, 1, 2, 0, 0, 3, 3, 2, 0, 2, 3, 1, 0, 2], [1, 1, 1, 1, 2, 1, 0, 2, 3, 1, 2, 0, 3, 3, 0, 2, 1, 1, 1, 1, 0, 2, 3, 2, 2, 3, 1, 1]], "r": [130.81357079515868, 126.89760785106904, 111.48578675231244, 81.34664594532983, 135.66576142958266, 130.10463304751568, 149.79924478037827, 50.72210704187753, 135.39580699110698, 154.64579302817293, 193.3502132652671, 110.41462502686733, 59.42635002952336, 53.14883395894762, 59.066761111163835, 97.51692793916436, 123.81035464413783, 89.19539006554896, 83.18247006592063, 129.19044653115904, 65.12380168966149, 70.73052444901734, 118.23357179960688, 104.37117608336405, 183.99675061670726, 196.1932809388024, 80.74543276053095, 100.42507443301412], "b": [[[0.0, 0.0, 0.0, 0.0, 0.0, 0.0, 0.0, 0.0, 0.0, 0.0, 0.0, 0.0, 0.0, 0.0, 0.0, 0.0, 0.0, 0.0, 0.0, 0.0, 0.0, 0.0, 0.0, 0.0, 0.0, 0.0, 0.0, 0.0], [0.0, 0.0, 0.0, 0.0, 0.0, 0.0, 0.0, 0.0, 0.0, 0.0, 0.0, 0.0, 0.0, 0.0, 0.0, 0.0, 0.0, 0.0, 0.0, 0.0, 0.0, 0.0, 0.0, 0.0, 0.0, 0.0, 0.0, 0.0], [0.0, 0.0, 0.0, 0.0, 0.0, 0.0, 0.0, 0.0, 0.0, 0.0, 0.0, 0.0, 0.0, 0.0, 0.0, 0.0, 0.0, 0.0, 0.0, 0.0, 0.0, 0.0, 0.0, 0.0, 0.0, 0.0, 0.0, 0.0], [0.0, 0.0, 0.0, 0.0, 0.0, 0.0, 0.0, 0.0, 0.0, 0.0, 0.0, 0.0, 0.0, 0.0, 0.0, 0.0, 0.0, 0.0, 0.0, 0.0, 0.0, 0.0, 0.0, 0.0, 0.0, 0.0, 0.0, 0.0]], [[0.0, 0.0, 0.0, 0.0, 0.0, 0.0, 0.0, 0.0, 0.0, 0.0, 0.0, 0.0, 0.0, 0.0, 0.0, 0.0, 0.0, 0.0, 0.0, 0.0, 0.0, 0.0, 0.0, 0.0, 0.0, 0.0, 0.0, 0.0], [0.0, 0.0, 0.0, 0.0, 0.0, 0.0, 0.0, 0.0, 0.0, 0.0, 0.0, 0.0, 0.0, 0.0, 0.0, 0.0, 0.0, 0.0, 0.0, 0.0, 0.0, 0.0, 0.0, 0.0, 0.0, 0.0, 0.0, 0.0], [0.0, 0.0, 0.0, 0.0, 0.0, 0.0, 0.0, 0.0, 0.0, 0.0, 0.0, 0.0, 0.0, 0.0, 0.0, 0.0, 0.0, 0.0, 0.0, 0.0, 0.0, 0.0, 0.0, 0.0, 0.0, 0.0, 0.0, 0.0], [0.0, 0.0, 0.0, 0.0, 0.0, 0.0, 0.0, 0.0, 0.0, 0.0, 0.0, 0.0, 0.0, 0.0, 0.0, 0.0, 0.0, 0.0, 0.0, 0.0, 0.0, 0.0, 0.0, 0.0, 0.0, 0.0, 0.0, 0.0]], [[0.0, 0.0, 0.0, 0.0, 0.0, 0.0, 0.0, 0.0, 0.0, 0.0, 0.0, 0.0, 0.0, 0.0, 0.0, 0.0, 0.0, 0.0, 0.0, 0.0, 0.0, 0.0, 0.0, 0.0, 0.0, 0.0, 0.0, 0.0], [0.0, 0.0, 0.0, 0.0, 0.0, 0.0, 0.0, 0.0, 0.0, 0.0, 0.0, 0.0, 0.0, 0.0, 0.0, 0.0, 0.0, 0.0, 0.0, 0.0, 0.0, 0.0, 0.0, 0.0, 0.0, 0.0, 0.0, 0.0], [0.0, 0.0, 0.0, 0.0, 0.0, 0.0, 0.0, 0.0, 0.0, 0.0, 0.0, 0.0, 0.0, 0.0, 0.0, 0.0, 0.0, 0.0, 0.0, 0.0, 0.0, 0.0, 0.0, 0.0, 0.0, 0.0, 0.0, 0.0], [0.0, 0.0, 0.0, 0.0, 0.0, 0.0, 0.0, 0.0, 0.0, 0.0, 0.0, 0.0, 0.0, 0.0, 0.0, 0.0, 0.0, 0.0, 0.0, 0.0, 0.0, 0.0, 0.0, 0.0, 0.0, 0.0, 0.0, 0.0]], [[0.0, 0.0, 0.0, 0.0, 0.0, 0.0, 0.0, 0.0, 0.0, 0.0, 0.0, 0.0, 0.0, 0.0, 0.0, 0.0, 0.0, 0.0, 0.0, 0.0, 0.0, 0.0, 0.0, 0.0, 0.0, 0.0, 0.0, 0.0], [0.0, 0.0, 0.0, 0.0, 0.0, 0.0, 0.0, 0.0, 0.0, 0.0, 0.0, 0.0, 0.0, 0.0, 0.0, 0.0, 0.0, 0.0, 0.0, 0.0, 0.0, 0.0, 0.0, 0.0, 0.0, 0.0, 0.0, 0.0], [0.0, 0.0, 0.0, 0.0, 0.0, 0.0, 0.0, 0.0, 0.0, 0.0, 0.0, 0.0, 0.0, 0.0, 0.0, 0.0, 0.0, 0.0, 0.0, 0.0, 0.0, 0.0, 0.0, 0.0, 0.0, 0.0, 0.0, 0.0], [0.0, 0.0, 0.0, 0.0, 0.0, 0.0, 0.0, 0.0, 0.0, 0.0, 0.0, 0.0, 0.0, 0.0, 0.0, 0.0, 0.0, 0.0, 0.0, 0.0, 0.0, 0.0, 0.0, 0.0, 0.0, 0.0, 0.0, 0.0]], [[0.0, 0.0, 0.0, 0.0, 0.0, 0.0, 0.0, 0.0, 0.0, 0.0, 0.0, 0.0, 0.0, 0.0, 0.0, 0.0, 0.0, 0.0, 0.0, 0.0, 0.0, 0.0, 0.0, 0.0, 0.0, 0.0, 0.0, 0.0], [0.0, 0.0, 0.0, 0.0, 0.0, 0.0, 0.0, 0.0, 0.0, 0.0, 0.0, 0.0, 0.0, 0.0, 0.0, 0.0, 0.0, 0.0, 0.0, 0.0, 0.0, 0.0, 0.0, 0.0, 0.0, 0.0, 0.0, 0.0], [0.0, 0.0, 0.0, 0.0, 0.0, 0.0, 0.0, 0.0, 0.0, 0.0, 0.0, 0.0, 0.0, 0.0, 0.0, 0.0, 0.0, 0.0, 0.0, 0.0, 0.0, 0.0, 0.0, 0.0, 0.0, 0.0, 0.0, 0.0], [0.0, 0.0, 0.0, 0.0, 0.0, 0.0, 0.0, 0.0, 0.0, 0.0, 0.0, 0.0, 0.0, 0.0, 0.0, 0.0, 0.0, 0.0, 0.0, 0.0, 0.0, 0.0, 0.0, 0.0, 0.0, 0.0, 0.0, 0.0]], [[0.0, 0.0, 0.0, 0.0, 0.0, 0.0, 0.0, 0.0, 0.0, 0.0, 0.0, 0.0, 0.0, 0.0, 0.0, 0.0, 0.0, 0.0, 0.0, 0.0, 0.0, 0.0, 0.0, 0.0, 0.0, 0.0, 0.0, 0.0], [0.0, 0.0, 0.0, 0.0, 0.0, 0.0, 0.0, 0.0, 0.0, 0.0, 0.0, 0.0, 0.0, 0.0, 0.0, 0.0, 0.0, 0.0, 0.0, 0.0, 0.0, 0.0, 0.0, 0.0, 0.0, 0.0, 0.0, 0.0], [0.0, 0.0, 0.0, 0.0, 0.0, 0.0, 0.0, 0.0, 0.0, 0.0, 0.0, 0.0, 0.0, 0.0, 0.0, 0.0, 0.0, 0.0, 0.0, 0.0, 0.0, 0.0, 0.0, 0.0, 0.0, 0.0, 0.0, 0.0], [0.0, 0.0, 0.0, 0.0, 0.0, 0.0, 0.0, 0.0, 0.0, 0.0, 0.0, 0.0, 0.0, 0.0, 0.0, 0.0, 0.0, 0.0, 0.0, 0.0, 0.0, 0.0, 0.0, 0.0, 0.0, 0.0, 0.0, 0.0]], [[0.0, 0.0, 0.0, 0.0, 0.0, 0.0, 0.0, 0.0, 0.0, 0.0, 0.0, 0.0, 0.0, 0.0, 0.0, 0.0, 0.0, 0.0, 0.0, 0.0, 0.0, 0.0, 0.0, 0.0, 0.0, 0.0, 0.0, 0.0], [0.0, 0.0, 0.0, 0.0, 0.0, 0.0, 0.0, 0.0, 0.0, 0.0, 0.0, 0.0, 0.0, 0.0, 0.0, 0.0, 0.0, 0.0, 0.0, 0.0, 0.0, 0.0, 0.0, 0.0, 0.0, 0.0, 0.0, 0.0], [0.0, 0.0, 0.0, 0.0, 0.0, 0.0, 0.0, 0.0, 0.0, 0.0, 0.0, 0.0, 0.0, 0.0, 0.0, 0.0, 0.0, 0.0, 0.0, 0.0, 0.0, 0.0, 0.0, 0.0, 0.0, 0.0, 0.0, 0.0], [0.0, 0.0, 0.0, 0.0, 0.0, 0.0, 0.0, 0.0, 0.0, 0.0, 0.0, 0.0, 0.0, 0.0, 0.0, 0.0, 0.0, 0.0, 0.0, 0.0, 0.0, 0.0, 0.0, 0.0, 0.0, 0.0, 0.0, 0.0]], [[0.0, 0.0, 0.0, 0.0, 0.0, 0.0, 0.0, 0.0, 0.0, 0.0, 0.0, 0.0, 0.0, 0.0, 0.0, 0.0, 0.0, 0.0, 0.0, 0.0, 0.0, 0.0, 0.0, 0.0, 0.0, 0.0, 0.0, 0.0], [0.0, 0.0, 0.0, 0.0, 0.0, 0.0, 0.0, 0.0, 0.0, 0.0, 0.0, 0.0, 0.0, 0.0, 0.0, 0.0, 0.0, 0.0, 0.0, 0.0, 0.0, 0.0, 0.0, 0.0, 0.0, 0.0, 0.0, 0.0], [0.0, 0.0, 0.0, 0.0, 0.0, 0.0, 0.0, 0.0, 0.0, 0.0, 0.0, 0.0, 0.0, 0.0, 0.0, 0.0, 0.0, 0.0, 0.0, 0.0, 0.0, 0.0, 0.0, 0.0, 0.0, 0.0, 0.0, 0.0], [0.0, 0.0, 0.0, 0.0, 0.0, 0.0, 0.0, 0.0, 0.0, 0.0, 0.0, 0.0, 0.0, 0.0, 0.0, 0.0, 0.0, 0.0, 0.0, 0.0, 0.0, 0.0, 0.0, 0.0, 0.0, 0.0, 0.0, 0.0]], [[0.0, 0.0, 0.0, 0.0, 0.0, 0.0, 0.0, 0.0, 0.0, 0.0, 0.0, 0.0, 0.0, 0.0, 0.0, 0.0, 0.0, 0.0, 0.0, 0.0, 0.0, 0.0, 0.0, 0.0, 0.0, 0.0, 0.0, 0.0], [0.0, 0.0, 0.0, 0.0, 0.0, 0.0, 0.0, 0.0, 0.0, 0.0, 0.0, 0.0, 0.0, 0.0, 0.0, 0.0, 0.0, 0.0, 0.0, 0.0, 0.0, 0.0, 0.0, 0.0, 0.0, 0.0, 0.0, 0.0], [0.0, 0.0, 0.0, 0.0, 0.0, 0.0, 0.0, 0.0, 0.0, 0.0, 0.0, 0.0, 0.0, 0.0, 0.0, 0.0, 0.0, 0.0, 0.0, 0.0, 0.0, 0.0, 0.0, 0.0, 0.0, 0.0, 0.0, 0.0], [0.0, 0.0, 0.0, 0.0, 0.0, 0.0, 0.0, 0.0, 0.0, 0.0, 0.0, 0.0, 0.0, 0.0, 0.0, 0.0, 0.0, 0.0, 0.0, 0.0, 0.0, 0.0, 0.0, 0.0, 0.0, 0.0, 0.0, 0.0]], [[0.0, 0.0, 0.0, 0.0, 0.0, 0.0, 0.0, 0.0, 0.0, 0.0, 0.0, 0.0, 0.0, 0.0, 0.0, 0.0, 0.0, 0.0, 0.0, 0.0, 0.0, 0.0, 0.0, 0.0, 0.0, 0.0, 0.0, 0.0], [0.0, 0.0, 0.0, 0.0, 0.0, 0.0, 0.0, 0.0, 0.0, 0.0, 0.0, 0.0, 0.0, 0.0, 0.0, 0.0, 0.0, 0.0, 0.0, 0.0, 0.0, 0.0, 0.0, 0.0, 0.0, 0.0, 0.0, 0.0], [0.0, 0.0, 0.0, 0.0, 0.0, 0.0, 0.0, 0.0, 0.0, 0.0, 0.0, 0.0, 0.0, 0.0, 0.0, 0.0, 0.0, 0.0, 0.0, 0.0, 0.0, 0.0, 0.0, 0.0, 0.0, 0.0, 0.0, 0.0], [0.0, 0.0, 0.0, 0.0, 0.0, 0.0, 0.0, 0.0, 0.0, 0.0, 0.0, 0.0, 0.0, 0.0, 0.0, 0.0, 0.0, 0.0, 0.0, 0.0, 0.0, 0.0, 0.0, 0.0, 0.0, 0.0, 0.0, 0.0]], [[0.0, 0.0, 0.0, 0.0, 0.0, 0.0, 0.0, 0.0, 0.0, 0.0, 0.0, 0.0, 0.0, 0.0, 0.0, 0.0, 0.0, 0.0, 0.0, 0.0, 0.0, 0.0, 0.0, 0.0, 0.0, 0.0, 0.0, 0.0], [0.0, 0.0, 0.0, 0.0, 0.0, 0.0, 0.0, 0.0, 0.0, 0.0, 0.0, 0.0, 0.0, 0.0, 0.0, 0.0, 0.0, 0.0, 0.0, 0.0, 0.0, 0.0, 0.0, 0.0, 0.0, 0.0, 0.0, 0.0], [0.0, 0.0, 0.0, 0.0, 0.0, 0.0, 0.0, 0.0, 0.0, 0.0, 0.0, 0.0, 0.0, 0.0, 0.0, 0.0, 0.0, 0.0, 0.0, 0.0, 0.0, 0.0, 0.0, 0.0, 0.0, 0.0, 0.0, 0.0], [0.0, 0.0, 0.0, 0.0, 0.0, 0.0, 0.0, 0.0, 0.0, 0.0, 0.0, 0.0, 0.0, 0.0, 0.0, 0.0, 0.0, 0.0, 0.0, 0.0, 0.0, 0.0, 0.0, 0.0, 0.0, 0.0, 0.0, 0.0]], [[0.0, 0.0, 0.0, 0.0, 0.0, 0.0, 0.0, 0.0, 0.0, 0.0, 0.0, 0.0, 0.0, 0.0, 0.0, 0.0, 0.0, 0.0, 0.0, 0.0, 0.0, 0.0, 0.0, 0.0, 0.0, 0.0, 0.0, 0.0], [0.0, 0.0, 0.0, 0.0, 0.0, 0.0, 0.0, 0.0, 0.0, 0.0, 0.0, 0.0, 0.0, 0.0, 0.0, 0.0, 0.0, 0.0, 0.0, 0.0, 0.0, 0.0, 0.0, 0.0, 0.0, 0.0, 0.0, 0.0], [0.0, 0.0, 0.0, 0.0, 0.0, 0.0, 0.0, 0.0, 0.0, 0.0, 0.0, 0.0, 0.0, 0.0, 0.0, 0.0, 0.0, 0.0, 0.0, 0.0, 0.0, 0.0, 0.0, 0.0, 0.0, 0.0, 0.0, 0.0], [0.0, 0.0, 0.0, 0.0, 0.0, 0.0, 0.0, 0.0, 0.0, 0.0, 0.0, 0.0, 0.0, 0.0, 0.0, 0.0, 0.0, 0.0, 0.0, 0.0, 0.0, 0.0, 0.0, 0.0, 0.0, 0.0, 0.0, 0.0]], [[0.0, 0.0, 0.0, 0.0, 0.0, 0.0, 0.0, 0.0, 0.0, 0.0, 0.0, 0.0, 0.0, 0.0, 0.0, 0.0, 0.0, 0.0, 0.0, 0.0, 0.0, 0.0, 0.0, 0.0, 0.0, 0.0, 0.0, 0.0], [0.0, 0.0, 0.0, 0.0, 0.0, 0.0, 0.0, 0.0, 0.0, 0.0, 0.0, 0.0, 0.0, 0.0, 0.0, 0.0, 0.0, 0.0, 0.0, 0.0, 0.0, 0.0, 0.0, 0.0, 0.0, 0.0, 0.0, 0.0], [0.0, 0.0, 0.0, 0.0, 0.0, 0.0, 0.0, 0.0, 0.0, 0.0, 0.0, 0.0, 0.0, 0.0, 0.0, 0.0, 0.0, 0.0, 0.0, 0.0, 0.0, 0.0, 0.0, 0.0, 0.0, 0.0, 0.0, 0.0], [0.0, 0.0, 0.0, 0.0, 0.0, 0.0, 0.0, 0.0, 0.0, 0.0, 0.0, 0.0, 0.0, 0.0, 0.0, 0.0, 0.0, 0.0, 0.0, 0.0, 0.0, 0.0, 0.0, 0.0, 0.0, 0.0, 0.0, 0.0]], [[0.0, 0.0, 0.0, 0.0, 0.0, 0.0, 0.0, 0.0, 0.0, 0.0, 0.0, 0.0, 0.0, 0.0, 0.0, 0.0, 0.0, 0.0, 0.0, 0.0, 0.0, 0.0, 0.0, 0.0, 0.0, 0.0, 0.0, 0.0], [0.0, 0.0, 0.0, 0.0, 0.0, 0.0, 0.0, 0.0, 0.0, 0.0, 0.0, 0.0, 0.0, 0.0, 0.0, 0.0, 0.0, 0.0, 0.0, 0.0, 0.0, 0.0, 0.0, 0.0, 0.0, 0.0, 0.0, 0.0], [0.0, 0.0, 0.0, 0.0, 0.0, 0.0, 0.0, 0.0, 0.0, 0.0, 0.0, 0.0, 0.0, 0.0, 0.0, 0.0, 0.0, 0.0, 0.0, 0.0, 0.0, 0.0, 0.0, 0.0, 0.0, 0.0, 0.0, 0.0], [0.0, 0.0, 0.0, 0.0, 0.0, 0.0, 0.0, 0.0, 0.0, 0.0, 0.0, 0.0, 0.0, 0.0, 0.0, 0.0, 0.0, 0.0, 0.0, 0.0, 0.0, 0.0, 0.0, 0.0, 0.0, 0.0, 0.0, 0.0]], [[0.0, 0.0, 0.0, 0.0, 0.0, 0.0, 0.0, 0.0, 0.0, 0.0, 0.0, 0.0, 0.0, 0.0, 0.0, 0.0, 0.0, 0.0, 0.0, 0.0, 0.0, 0.0, 0.0, 0.0, 0.0, 0.0, 0.0, 0.0], [0.0, 0.0, 0.0, 0.0, 0.0, 0.0, 0.0, 0.0, 0.0, 0.0, 0.0, 0.0, 0.0, 0.0, 0.0, 0.0, 0.0, 0.0, 0.0, 0.0, 0.0, 0.0, 0.0, 0.0, 0.0, 0.0, 0.0, 0.0], [0.0, 0.0, 0.0, 0.0, 0.0, 0.0, 0.0, 0.0, 0.0, 0.0, 0.0, 0.0, 0.0, 0.0, 0.0, 0.0, 0.0, 0.0, 0.0, 0.0, 0.0, 0.0, 0.0, 0.0, 0.0, 0.0, 0.0, 0.0], [0.0, 0.0, 0.0, 0.0, 0.0, 0.0, 0.0, 0.0, 0.0, 0.0, 0.0, 0.0, 0.0, 0.0, 0.0, 0.0, 0.0, 0.0, 0.0, 0.0, 0.0, 0.0, 0.0, 0.0, 0.0, 0.0, 0.0, 0.0]], [[0.0, 0.0, 0.0, 0.0, 0.0, 0.0, 0.0, 0.0, 0.0, 0.0, 0.0, 0.0, 0.0, 0.0, 0.0, 0.0, 0.0, 0.0, 0.0, 0.0, 0.0, 0.0, 0.0, 0.0, 0.0, 0.0, 0.0, 0.0], [0.0, 0.0, 0.0, 0.0, 0.0, 0.0, 0.0, 0.0, 0.0, 0.0, 0.0, 0.0, 0.0, 0.0, 0.0, 0.0, 0.0, 0.0, 0.0, 0.0, 0.0, 0.0, 0.0, 0.0, 0.0, 0.0, 0.0, 0.0], [0.0, 0.0, 0.0, 0.0, 0.0, 0.0, 0.0, 0.0, 0.0, 0.0, 0.0, 0.0, 0.0, 0.0, 0.0, 0.0, 0.0, 0.0, 0.0, 0.0, 0.0, 0.0, 0.0, 0.0, 0.0, 0.0, 0.0, 0.0], [0.0, 0.0, 0.0, 0.0, 0.0, 0.0, 0.0, 0.0, 0.0, 0.0, 0.0, 0.0, 0.0, 0.0, 0.0, 0.0, 0.0, 0.0, 0.0, 0.0, 0.0, 0.0, 0.0, 0.0, 0.0, 0.0, 0.0, 0.0]], [[0.0, 0.0, 0.0, 0.0, 0.0, 0.0, 0.0, 0.0, 0.0, 0.0, 0.0, 0.0, 0.0, 0.0, 0.0, 0.0, 0.0, 0.0, 0.0, 0.0, 0.0, 0.0, 0.0, 0.0, 0.0, 0.0, 0.0, 0.0], [0.0, 0.0, 0.0, 0.0, 0.0, 0.0, 0.0, 0.0, 0.0, 0.0, 0.0, 0.0, 0.0, 0.0, 0.0, 0.0, 0.0, 0.0, 0.0, 0.0, 0.0, 0.0, 0.0, 0.0, 0.0, 0.0, 0.0, 0.0], [0.0, 0.0, 0.0, 0.0, 0.0, 0.0, 0.0, 0.0, 0.0, 0.0, 0.0, 0.0, 0.0, 0.0, 0.0, 0.0, 0.0, 0.0, 0.0, 0.0, 0.0, 0.0, 0.0, 0.0, 0.0, 0.0, 0.0, 0.0], [0.0, 0.0, 0.0, 0.0, 0.0, 0.0, 0.0, 0.0, 0.0, 0.0, 0.0, 0.0, 0.0, 0.0, 0.0, 0.0, 0.0, 0.0, 0.0, 0.0, 0.0, 0.0, 0.0, 0.0, 0.0, 0.0, 0.0, 0.0]], [[0.0, 0.0, 0.0, 0.0, 0.0, 0.0, 0.0, 0.0, 0.0, 0.0, 0.0, 0.0, 0.0, 0.0, 0.0, 0.0, 0.0, 0.0, 0.0, 0.0, 0.0, 0.0, 0.0, 0.0, 0.0, 0.0, 0.0, 0.0], [0.0, 0.0, 0.0, 0.0, 0.0, 0.0, 0.0, 0.0, 0.0, 0.0, 0.0, 0.0, 0.0, 0.0, 0.0, 0.0, 0.0, 0.0, 0.0, 0.0, 0.0, 0.0, 0.0, 0.0, 0.0, 0.0, 0.0, 0.0], [0.0, 0.0, 0.0, 0.0, 0.0, 0.0, 0.0, 0.0, 0.0, 0.0, 0.0, 0.0, 0.0, 0.0, 0.0, 0.0, 0.0, 0.0, 0.0, 0.0, 0.0, 0.0, 0.0, 0.0, 0.0, 0.0, 0.0, 0.0], [0.0, 0.0, 0.0, 0.0, 0.0, 0.0, 0.0, 0.0, 0.0, 0.0, 0.0, 0.0, 0.0, 0.0, 0.0, 0.0, 0.0, 0.0, 0.0, 0.0, 0.0, 0.0, 0.0, 0.0, 0.0, 0.0, 0.0, 0.0]], [[0.0, 0.0, 0.0, 0.0, 0.0, 0.0, 0.0, 0.0, 0.0, 0.0, 0.0, 0.0, 0.0, 0.0, 0.0, 0.0, 0.0, 0.0, 0.0, 0.0, 0.0, 0.0, 0.0, 0.0, 0.0, 0.0, 0.0, 0.0], [0.0, 0.0, 0.0, 0.0, 0.0, 0.0, 0.0, 0.0, 0.0, 0.0, 0.0, 0.0, 0.0, 0.0, 0.0, 0.0, 0.0, 0.0, 0.0, 0.0, 0.0, 0.0, 0.0, 0.0, 0.0, 0.0, 0.0, 0.0], [0.0, 0.0, 0.0, 0.0, 0.0, 0.0, 0.0, 0.0, 0.0, 0.0, 0.0, 0.0, 0.0, 0.0, 0.0, 0.0, 0.0, 0.0, 0.0, 0.0, 0.0, 0.0, 0.0, 0.0, 0.0, 0.0, 0.0, 0.0], [0.0, 0.0, 0.0, 0.0, 0.0, 0.0, 0.0, 0.0, 0.0, 0.0, 0.0, 0.0, 0.0, 0.0, 0.0, 0.0, 0.0, 0.0, 0.0, 0.0, 0.0, 0.0, 0.0, 0.0, 0.0, 0.0, 0.0, 0.0]], [[0.0, 0.0, 0.0, 0.0, 0.0, 0.0, 0.0, 0.0, 0.0, 0.0, 0.0, 0.0, 0.0, 0.0, 0.0, 0.0, 0.0, 0.0, 0.0, 0.0, 0.0, 0.0, 0.0, 0.0, 0.0, 0.0, 0.0, 0.0], [0.0, 0.0, 0.0, 0.0, 0.0, 0.0, 0.0, 0.0, 0.0, 0.0, 0.0, 0.0, 0.0, 0.0, 0.0, 0.0, 0.0, 0.0, 0.0, 0.0, 0.0, 0.0, 0.0, 0.0, 0.0, 0.0, 0.0, 0.0], [0.0, 0.0, 0.0, 0.0, 0.0, 0.0, 0.0, 0.0, 0.0, 0.0, 0.0, 0.0, 0.0, 0.0, 0.0, 0.0, 0.0, 0.0, 0.0, 0.0, 0.0, 0.0, 0.0, 0.0, 0.0, 0.0, 0.0, 0.0], [0.0, 0.0, 0.0, 0.0, 0.0, 0.0, 0.0, 0.0, 0.0, 0.0, 0.0, 0.0, 0.0, 0.0, 0.0, 0.0, 0.0, 0.0, 0.0, 0.0, 0.0, 0.0, 0.0, 0.0, 0.0, 0.0, 0.0, 0.0]], [[0.0, 0.0, 0.0, 0.0, 0.0, 0.0, 0.0, 0.0, 0.0, 0.0, 0.0, 0.0, 0.0, 0.0, 0.0, 0.0, 0.0, 0.0, 0.0, 0.0, 0.0, 0.0, 0.0, 0.0, 0.0, 0.0, 0.0, 0.0], [0.0, 0.0, 0.0, 0.0, 0.0, 0.0, 0.0, 0.0, 0.0, 0.0, 0.0, 0.0, 0.0, 0.0, 0.0, 0.0, 0.0, 0.0, 0.0, 0.0, 0.0, 0.0, 0.0, 0.0, 0.0, 0.0, 0.0, 0.0], [0.0, 0.0, 0.0, 0.0, 0.0, 0.0, 0.0, 0.0, 0.0, 0.0, 0.0, 0.0, 0.0, 0.0, 0.0, 0.0, 0.0, 0.0, 0.0, 0.0, 0.0, 0.0, 0.0, 0.0, 0.0, 0.0, 0.0, 0.0], [0.0, 0.0, 0.0, 0.0, 0.0, 0.0, 0.0, 0.0, 0.0, 0.0, 0.0, 0.0, 0.0, 0.0, 0.0, 0.0, 0.0, 0.0, 0.0, 0.0, 0.0, 0.0, 0.0, 0.0, 0.0, 0.0, 0.0, 0.0]], [[0.0, 0.0, 0.0, 0.0, 0.0, 0.0, 0.0, 0.0, 0.0, 0.0, 0.0, 0.0, 0.0, 0.0, 0.0, 0.0, 0.0, 0.0, 0.0, 0.0, 0.0, 0.0, 0.0, 0.0, 0.0, 0.0, 0.0, 0.0], [0.0, 0.0, 0.0, 0.0, 0.0, 0.0, 0.0, 0.0, 0.0, 0.0, 0.0, 0.0, 0.0, 0.0, 0.0, 0.0, 0.0, 0.0, 0.0, 0.0, 0.0, 0.0, 0.0, 0.0, 0.0, 0.0, 0.0, 0.0], [0.0, 0.0, 0.0, 0.0, 0.0, 0.0, 0.0, 0.0, 0.0, 0.0, 0.0, 0.0, 0.0, 0.0, 0.0, 0.0, 0.0, 0.0, 0.0, 0.0, 0.0, 0.0, 0.0, 0.0, 0.0, 0.0, 0.0, 0.0], [0.0, 0.0, 0.0, 0.0, 0.0, 0.0, 0.0, 0.0, 0.0, 0.0, 0.0, 0.0, 0.0, 0.0, 0.0, 0.0, 0.0, 0.0, 0.0, 0.0, 0.0, 0.0, 0.0, 0.0, 0.0, 0.0, 0.0, 0.0]], [[0.0, 0.0, 0.0, 0.0, 0.0, 0.0, 0.0, 0.0, 0.0, 0.0, 0.0, 0.0, 0.0, 0.0, 0.0, 0.0, 0.0, 0.0, 0.0, 0.0, 0.0, 0.0, 0.0, 0.0, 0.0, 0.0, 0.0, 0.0], [0.0, 0.0, 0.0, 0.0, 0.0, 0.0, 0.0, 0.0, 0.0, 0.0, 0.0, 0.0, 0.0, 0.0, 0.0, 0.0, 0.0, 0.0, 0.0, 0.0, 0.0, 0.0, 0.0, 0.0, 0.0, 0.0, 0.0, 0.0], [0.0, 0.0, 0.0, 0.0, 0.0, 0.0, 0.0, 0.0, 0.0, 0.0, 0.0, 0.0, 0.0, 0.0, 0.0, 0.0, 0.0, 0.0, 0.0, 0.0, 0.0, 0.0, 0.0, 0.0, 0.0, 0.0, 0.0, 0.0], [0.0, 0.0, 0.0, 0.0, 0.0, 0.0, 0.0, 0.0, 0.0, 0.0, 0.0, 0.0, 0.0, 0.0, 0.0, 0.0, 0.0, 0.0, 0.0, 0.0, 0.0, 0.0, 0.0, 0.0, 0.0, 0.0, 0.0, 0.0]], [[0.0, 0.0, 0.0, 0.0, 0.0, 0.0, 0.0, 0.0, 0.0, 0.0, 0.0, 0.0, 0.0, 0.0, 0.0, 0.0, 0.0, 0.0, 0.0, 0.0, 0.0, 0.0, 0.0, 0.0, 0.0, 0.0, 0.0, 0.0], [0.0, 0.0, 0.0, 0.0, 0.0, 0.0, 0.0, 0.0, 0.0, 0.0, 0.0, 0.0, 0.0, 0.0, 0.0, 0.0, 0.0, 0.0, 0.0, 0.0, 0.0, 0.0, 0.0, 0.0, 0.0, 0.0, 0.0, 0.0], [0.0, 0.0, 0.0, 0.0, 0.0, 0.0, 0.0, 0.0, 0.0, 0.0, 0.0, 0.0, 0.0, 0.0, 0.0, 0.0, 0.0, 0.0, 0.0, 0.0, 0.0, 0.0, 0.0, 0.0, 0.0, 0.0, 0.0, 0.0], [0.0, 0.0, 0.0, 0.0, 0.0, 0.0, 0.0, 0.0, 0.0, 0.0, 0.0, 0.0, 0.0, 0.0, 0.0, 0.0, 0.0, 0.0, 0.0, 0.0, 0.0, 0.0, 0.0, 0.0, 0.0, 0.0, 0.0, 0.0]], [[0.0, 0.0, 0.0, 0.0, 0.0, 0.0, 0.0, 0.0, 0.0, 0.0, 0.0, 0.0, 0.0, 0.0, 0.0, 0.0, 0.0, 0.0, 0.0, 0.0, 0.0, 0.0, 0.0, 0.0, 0.0, 0.0, 0.0, 0.0], [0.0, 0.0, 0.0, 0.0, 0.0, 0.0, 0.0, 0.0, 0.0, 0.0, 0.0, 0.0, 0.0, 0.0, 0.0, 0.0, 0.0, 0.0, 0.0, 0.0, 0.0, 0.0, 0.0, 0.0, 0.0, 0.0, 0.0, 0.0], [0.0, 0.0, 0.0, 0.0, 0.0, 0.0, 0.0, 0.0, 0.0, 0.0, 0.0, 0.0, 0.0, 0.0, 0.0, 0.0, 0.0, 0.0, 0.0, 0.0, 0.0, 0.0, 0.0, 0.0, 0.0, 0.0, 0.0, 0.0], [0.0, 0.0, 0.0, 0.0, 0.0, 0.0, 0.0, 0.0, 0.0, 0.0, 0.0, 0.0, 0.0, 0.0, 0.0, 0.0, 0.0, 0.0, 0.0, 0.0, 0.0, 0.0, 0.0, 0.0, 0.0, 0.0, 0.0, 0.0]]], "t": [[99999999.0, 7.759610429054319, 7.855846295406263, 8.393154351298893, 10.000096225532815, 5.592653707114969, 5.322062769982248, 12.655648204436691, 7.552177083215063, 11.688711817380124, 11.520027565431626, 7.070322264385842, 11.166158606192958, 10.183451384835855, 10.403467540141806, 13.605953609662855, 7.951376170173484, 11.460799338429, 7.418198139595232, 6.56247032090409, 10.727362399524441, 6.223094788645575, 9.097583730759498, 7.856067098896196, 9.733464344021405, 14.66449217024715, 10.722203221993315, 8.817202202474249, 5.394471616980095, 14.393763275616301], [7.759610429054319, 99999999.0, 10.654901869507299, 5.145178542756492, 7.2882038864425365, 14.907985689406775, 13.482613190643027, 10.208925055399721, 5.097371683264945, 13.9826967827035, 5.746066216921331, 11.712303292111265, 10.576318890381811, 8.11595840202902, 8.488157920681466, 8.69098607499194, 10.052858217517802, 13.738531706556698, 13.019203898097905, 5.785572838672101, 13.032350609202185, 6.368139303543366, 5.74493499633006, 7.978945836654214, 7.2191891996517485, 10.697350919022984, 7.380025184239526, 7.923412652732653, 13.389043967196132, 10.232687543308424], [7.855846295406263, 10.654901869507299, 99999999.0, 7.112647283029329, 5.30634859582387, 8.072079276110706, 6.339929253197093, 14.305009759539699, 14.91772553244952, 6.429176050620904, 12.006628972539872, 9.94064448154059, 8.84727399710283, 13.625675592112897, 8.39852421846593, 11.06850511439779, 10.072288956452544, 14.719533234948234, 8.234848699535663, 7.134223562215488, 8.392840208806865, 9.433895058366009, 12.576510347580559, 9.461704324057404, 10.725140578669897, 9.553467136893135, 6.508739392152383, 7.243121402372462, 10.4481163456507, 6.502214448777206], [8.393154351298893, 5.145178542756492, 7.112647283029329, 99999999.0, 10.242858645272666, 13.611892737707137, 11.332725353623669, 7.182956737111975, 12.625641314039768, 12.656344908456186, 13.715437887082718, 10.642087555616282, 13.38297185487871, 7.747378580470824, 13.300397972268792, 14.661968251660454, 13.562027827298788, 11.598399319635897, 14.370336759357283, 6.391486450302177, 8.961255352599421, 14.773835696629623, 8.8351092233076, 7.549318704406462, 10.939851443978519, 12.047841945777762, 11.035127262127077, 12.675247663340762, 6.071376138605119, 8.338171612797252], [10.000096225532815, 7.2882038864425365, 5.30634859582387, 10.242858645272666, 99999999.0, 10.711997016492013, 14.534123424969316, 10.130691489939112, 7.225941996705928, 9.055822764427731, 8.947723659372805, 14.269981667319257, 9.129616444968956, 6.469736887986438, 11.552033384408102, 9.68448020951597, 8.848560687280457, 5.95753173037083, 10.327559471529971, 8.709139486067821, 10.178686933899815, 6.250048481059368, 10.598208025682483, 9.366699594470834, 5.128989261810247, 13.073808741797174, 10.20872773209462, 7.088067436354001, 10.15113380589275, 12.125438215288092], [5.592653707114969, 14.907985689406775, 8.072079276110706, 13.611892737707137, 10.711997016492013, 99999999.0, 10.241795852583088, 9.78582963807051, 11.985472824394419, 10.444225883389349, 11.373313195350038, 10.657082629784291, 9.79439019108284, 7.706548244170937, 6.335633265585914, 7.587865070598504, 11.623843668083726, 6.223542430125255, 7.879401903060671, 14.347258196979249, 8.393782936522467, 6.462249138276968, 13.269956932263224, 5.54824482688857, 7.319780012380397, 12.157753786440217, 6.230208451333404, 13.164457153878073, 6.8047151863999975, 11.89700748178959], [5.322062769982248, 13.482613190643027, 6.339929253197093, 11.332725353623669, 14.534123424969316, 10.241795852583088, 99999999.0, 13.750816420149, 5.289351103236465, 7.316225868464934, 6.248010002000443, 10.073061927307556, 12.640866009552255, 14.747922398942498, 12.28126403914855, 7.351489436558594, 7.099439926926307, 8.176020995415257, 14.471992181800635, 5.850205147624009, 5.776997415859273, 9.562048429839296, 7.322173879793947, 8.949126835749619, 13.881925431580742, 7.669102596914346, 5.617807060835535, 10.322090465275226, 11.925397270370262, 12.61238566500258], [12.655648204436691, 10.208925055399721, 14.305009759539699, 7.182956737111975, 10.130691489939112, 9.78582963807051, 13.750816420149, 99999999.0, 7.943471607540367, 12.363194677763904, 6.935386260482281, 8.111613026585117, 6.314242248052464, 13.248841256801143, 9.422946034905385, 7.692669509814588, 11.407681162024982, 11.79173624862818, 8.790557906666077, 10.08435285430065, 8.333480059509634, 7.855457682806604, 12.926062948486688, 5.3922208402311345, 10.214625876662964, 9.625181554497317, 7.103356345462156, 7.690143377942005, 8.462543497726992, 7.266237727252624], [7.552177083215063, 5.097371683264945, 14.91772553244952, 12.625641314039768, 7.225941996705928, 11.985472824394419, 5.289351103236465, 7.943471607540367, 99999999.0, 14.224915217577806, 10.890604674901432, 12.825073954881796, 7.160360191891499, 14.991364006528853, 13.798056548007004, 14.276025799727414, 11.371326410525079, 6.2297940579086095, 12.538966107275899, 5.5946462941955355, 8.271174541563273, 7.994274544167858, 10.769394119695164, 7.701958237409494, 9.969753261647476, 6.3193589583034315, 10.24549526702794, 11.051781924635069, 6.396987094067112, 10.528725457244335], [11.688711817380124, 13.9826967827035, 6.429176050620904, 12.656344908456186, 9.055822764427731, 10.444225883389349, 7.316225868464934, 12.363194677763904, 14.224915217577806, 99999999.0, 12.087316547228852, 11.411256412303185, 5.003285102805895, 11.055467083921927, 14.860944836729061, 10.131043171664137, 14.20439988508141, 6.1487465772594865, 13.291033213629442, 6.081179298052888, 11.133785720023415, 6.685559254278361, 7.663225203980911, 13.051474448180722, 10.174061304885722, 5.276407942015258, 10.588208702552176, 5.623181953926957, 14.687890746609668, 13.152094031329835], [11.520027565431626, 5.746066216921331, 12.006628972539872, 13.715437887082718, 8.947723659372805, 11.373313195350038, 6.248010002000443, 6.935386260482281, 10.890604674901432, 12.087316547228852, 99999999.0, 10.69736751102712, 6.5856563990003405, 14.186954600446391, 14.365358126465113, 8.394982704631811, 6.88203463402119, 13.285818605201596, 8.050628612420386, 10.108995260888094, 13.814186684440635, 10.396883637558975, 12.858274198023928, 8.00000460973698, 12.056090096085319, 5.066824044617108, 10.663972320322436, 14.15044407848183, 11.814836693927825, 7.920338478138494], [7.070322264385842, 11.712303292111265, 9.94064448154059, 10.642087555616282, 14.269981667319257, 10.657082629784291, 10.073061927307556, 8.111613026585117, 12.825073954881796, 11.411256412303185, 10.69736751102712, 99999999.0, 5.5300339750111815, 9.193250818726868, 12.167210925197296, 8.340129393070427, 6.772109006061166, 5.6387151131319735, 11.245019613945974, 14.857106079334361, 5.7459949880748695, 8.047099047830946, 8.036407736258708, 9.76505022835898, 7.732104920148428, 8.433321538343254, 14.309640014794013, 10.346897447204773, 5.0374731192818825, 11.621534334231278], [11.166158606192958, 10.576318890381811, 8.84727399710283, 13.38297185487871, 9.129616444968956, 9.79439019108284, 12.640866009552255, 6.314242248052464, 7.160360191891499, 5.003285102805895, 6.5856563990003405, 5.5300339750111815, 99999999.0, 11.858614306092058, 9.214816533487074, 13.26369626705741, 12.479984111188688, 9.233736445156271, 14.902218652950797, 5.524109994781556, 7.417874304739117, 10.63940607240993, 11.44967118190875, 7.014032187821719, 5.913764405775398, 14.84177813473374, 5.1939064632895136, 12.488685298916591, 14.638463301458202, 9.819189720384106], [10.183451384835855, 8.11595840202902, 13.625675592112897, 7.747378580470824, 6.469736887986438, 7.706548244170937, 14.747922398942498, 13.248841256801143, 14.991364006528853, 11.055467083921927, 14.186954600446391, 9.193250818726868, 11.858614306092058, 99999999.0, 8.89652639469808, 5.316351445954482, 9.316225769709865, 13.587033155718668, 7.758827645559552, 14.739214166291884, 5.713817292521517, 12.623988453729538, 10.81752526976052, 8.895490159502266, 10.350526713687033, 12.724720218082847, 10.074985245335597, 10.802389376784891, 9.530781449416601, 12.559553574101447], [10.403467540141806, 8.488157920681466, 8.39852421846593, 13.300397972268792, 11.552033384408102, 6.335633265585914, 12.28126403914855, 9.422946034905385, 13.798056548007004, 14.860944836729061, 14.365358126465113, 12.167210925197296, 9.214816533487074, 8.89652639469808, 99999999.0, 8.763487240975014, 11.973180079051286, 10.48297822328334, 8.635970231013957, 13.658427901841046, 11.446602262495908, 12.831350838329021, 7.590763804422371, 10.141373753090928, 14.906882152479993, 11.629163495479307, 9.428475581016258, 13.560946090633559, 13.093834081898287, 12.797711629704878], [13.605953609662855, 8.69098607499194, 11.06850511439779, 14.661968251660454, 9.68448020951597, 7.587865070598504, 7.351489436558594, 7.692669509814588, 14.276025799727414, 10.131043171664137, 8.394982704631811, 8.340129393070427, 13.26369626705741, 5.316351445954482, 8.763487240975014, 99999999.0, 10.760179642991762, 13.447107456191004, 8.477049688364222, 9.10177660193849, 8.582401687994253, 5.417433053482561, 14.54936316717842, 11.184588709471795, 6.570576569491109, 6.195436969588614, 13.376153160892796, 13.96186154657373, 11.169623558899548, 10.693000842165848], [7.951376170173484, 10.052858217517802, 10.072288956452544, 13.562027827298788, 8.848560687280457, 11.623843668083726, 7.099439926926307, 11.407681162024982, 11.371326410525079, 14.20439988508141, 6.88203463402119, 6.772109006061166, 12.479984111188688, 9.316225769709865, 11.973180079051286, 10.760179642991762, 99999999.0, 10.715386401406851, 7.295307431714047, 8.221382438671698, 7.418707063473036, 5.874580712410604, 10.301411157227653, 9.503287468731505, 12.289377422767434, 9.924568061116243, 14.316438762841239, 5.068186461132714, 9.967037651287665, 13.294678580505826], [11.460799338429, 13.738531706556698, 14.719533234948234, 11.598399319635897, 5.95753173037083, 6.223542430125255, 8.176020995415257, 11.79173624862818, 6.2297940579086095, 6.1487465772594865, 13.285818605201596, 5.6387151131319735, 9.233736445156271, 13.587033155718668, 10.48297822328334, 13.447107456191004, 10.715386401406851, 99999999.0, 12.114215845168248, 6.194633056976785, 14.800345899812651, 5.349670669717343, 8.609266060780657, 9.611575545392856, 11.642995712694745, 13.570196353649992, 8.271284080269407, 5.810827774985566, 7.6667883058521, 14.97575222449477], [7.418198139595232, 13.019203898097905, 8.234848699535663, 14.370336759357283, 10.327559471529971, 7.879401903060671, 14.471992181800635, 8.790557906666077, 12.538966107275899, 13.291033213629442, 8.050628612420386, 11.245019613945974, 14.902218652950797, 7.758827645559552, 8.635970231013957, 8.477049688364222, 7.295307431714047, 12.114215845168248, 99999999.0, 9.76673236771546, 11.779706015373643, 10.590249339335843, 9.359981246093202, 7.6688063404135, 5.029033181507319, 9.752711219013072, 11.283742105177733, 11.625719428051244, 12.499691036054944, 13.468181241606235], [6.56247032090409, 5.785572838672101, 7.134223562215488, 6.391486450302177, 8.709139486067821, 14.347258196979249, 5.850205147624009, 10.08435285430065, 5.5946462941955355, 6.081179298052888, 10.108995260888094, 14.857106079334361, 5.524109994781556, 14.739214166291884, 13.658427901841046, 9.10177660193849, 8.221382438671698, 6.194633056976785, 9.76673236771546, 99999999.0, 12.888001690204673, 9.791877415983027, 5.917142683107959, 10.033832762432898, 12.058804370497976, 7.965817203188262, 7.613186310969704, 6.72884471978678, 7.6713675890429585, 14.137981957519273], [10.727362399524441, 13.032350609202185, 8.392840208806865, 8.961255352599421, 10.178686933899815, 8.393782936522467, 5.776997415859273, 8.333480059509634, 8.271174541563273, 11.133785720023415, 13.814186684440635, 5.7459949880748695, 7.417874304739117, 5.713817292521517, 11.446602262495908, 8.582401687994253, 7.418707063473036, 14.800345899812651, 11.779706015373643, 12.888001690204673, 99999999.0, 8.366583597634452, 9.07241031645068, 8.002968138158376, 5.508102449081936, 5.390366884069445, 7.382155263822316, 10.788116568658648, 9.117127572361218, 9.73683844237011], [6.223094788645575, 6.368139303543366, 9.433895058366009, 14.773835696629623, 6.250048481059368, 6.462249138276968, 9.562048429839296, 7.855457682806604, 7.994274544167858, 6.685559254278361, 10.396883637558975, 8.047099047830946, 10.63940607240993, 12.623988453729538, 12.831350838329021, 5.417433053482561, 5.874580712410604, 5.349670669717343, 10.590249339335843, 9.791877415983027, 8.366583597634452, 99999999.0, 10.850346130989962, 14.957298873383417, 7.096428170132214, 9.766947248154327, 9.779474828136383, 13.1831443818342, 6.101030941400644, 11.690304178870026], [9.097583730759498, 5.74493499633006, 12.576510347580559, 8.8351092233076, 10.598208025682483, 13.269956932263224, 7.322173879793947, 12.926062948486688, 10.769394119695164, 7.663225203980911, 12.858274198023928, 8.036407736258708, 11.44967118190875, 10.81752526976052, 7.590763804422371, 14.54936316717842, 10.301411157227653, 8.609266060780657, 9.359981246093202, 5.917142683107959, 9.07241031645068, 10.850346130989962, 99999999.0, 12.872064252107897, 8.493863787983795, 11.904311867957123, 8.75455192406919, 10.487830337126333, 8.163585498203965, 5.790968925184225], [7.856067098896196, 7.978945836654214, 9.461704324057404, 7.549318704406462, 9.366699594470834, 5.54824482688857, 8.949126835749619, 5.3922208402311345, 7.701958237409494, 13.051474448180722, 8.00000460973698, 9.76505022835898, 7.014032187821719, 8.895490159502266, 10.141373753090928, 11.184588709471795, 9.503287468731505, 9.611575545392856, 7.6688063404135, 10.033832762432898, 8.002968138158376, 14.957298873383417, 12.872064252107897, 99999999.0, 11.643804202164345, 11.28046903672734, 10.657031833377877, 6.5469692885821775, 5.276495414188948, 9.480885604611354], [9.733464344021405, 7.2191891996517485, 10.725140578669897, 10.939851443978519, 5.128989261810247, 7.319780012380397, 13.881925431580742, 10.214625876662964, 9.969753261647476, 10.174061304885722, 12.056090096085319, 7.732104920148428, 5.913764405775398, 10.350526713687033, 14.906882152479993, 6.570576569491109, 12.289377422767434, 11.642995712694745, 5.029033181507319, 12.058804370497976, 5.508102449081936, 7.096428170132214, 8.493863787983795, 11.643804202164345, 99999999.0, 7.645444301409471, 6.300095051080003, 13.107302558125546, 8.01258930514436, 13.313870271882939], [14.66449217024715, 10.697350919022984, 9.553467136893135, 12.047841945777762, 13.073808741797174, 12.157753786440217, 7.669102596914346, 9.625181554497317, 6.3193589583034315, 5.276407942015258, 5.066824044617108, 8.433321538343254, 14.84177813473374, 12.724720218082847, 11.629163495479307, 6.195436969588614, 9.924568061116243, 13.570196353649992, 9.752711219013072, 7.965817203188262, 5.390366884069445, 9.766947248154327, 11.904311867957123, 11.28046903672734, 7.645444301409471, 99999999.0, 6.34085643419327, 7.95183421411615, 8.342909241961097, 6.234820151630418], [10.722203221993315, 7.380025184239526, 6.508739392152383, 11.035127262127077, 10.20872773209462, 6.230208451333404, 5.617807060835535, 7.103356345462156, 10.24549526702794, 10.588208702552176, 10.663972320322436, 14.309640014794013, 5.1939064632895136, 10.074985245335597, 9.428475581016258, 13.376153160892796, 14.316438762841239, 8.271284080269407, 11.283742105177733, 7.613186310969704, 7.382155263822316, 9.779474828136383, 8.75455192406919, 10.657031833377877, 6.300095051080003, 6.34085643419327, 99999999.0, 6.043644273374379, 13.410353989009158, 7.23438265481072], [8.817202202474249, 7.923412652732653, 7.243121402372462, 12.675247663340762, 7.088067436354001, 13.164457153878073, 10.322090465275226, 7.690143377942005, 11.051781924635069, 5.623181953926957, 14.15044407848183, 10.346897447204773, 12.488685298916591, 10.802389376784891, 13.560946090633559, 13.96186154657373, 5.068186461132714, 5.810827774985566, 11.625719428051244, 6.72884471978678, 10.788116568658648, 13.1831443818342, 10.487830337126333, 6.5469692885821775, 13.107302558125546, 7.95183421411615, 6.043644273374379, 99999999.0, 5.093971579283856, 8.000614745345283], [5.394471616980095, 13.389043967196132, 10.4481163456507, 6.071376138605119, 10.15113380589275, 6.8047151863999975, 11.925397270370262, 8.462543497726992, 6.396987094067112, 14.687890746609668, 11.814836693927825, 5.0374731192818825, 14.638463301458202, 9.530781449416601, 13.093834081898287, 11.169623558899548, 9.967037651287665, 7.6667883058521, 12.499691036054944, 7.6713675890429585, 9.117127572361218, 6.101030941400644, 8.163585498203965, 5.276495414188948, 8.01258930514436, 8.342909241961097, 13.410353989009158, 5.093971579283856, 99999999.0, 14.094730585690064], [14.393763275616301, 10.232687543308424, 6.502214448777206, 8.338171612797252, 12.125438215288092, 11.89700748178959, 12.61238566500258, 7.266237727252624, 10.528725457244335, 13.152094031329835, 7.920338478138494, 11.621534334231278, 9.819189720384106, 12.559553574101447, 12.797711629704878, 10.693000842165848, 13.294678580505826, 14.97575222449477, 13.468181241606235, 14.137981957519273, 9.73683844237011, 11.690304178870026, 5.790968925184225, 9.480885604611354, 13.313870271882939, 6.234820151630418, 7.23438265481072, 8.000614745345283, 14.094730585690064, 99999999.0]], "M": 99999999.0}