{"num_workers": 25, "num_roles": 4, "num_nodes": 30, "w": [[0, 0], [352.6178137167303, 380.37373251343195], [295.33099595719915, 328.2297909900399], [85.78022288048062, 111.45180585093264], [112.48007087679278, 145.86861450629183], [364.2726846644682, 401.6906479807338], [359.9977195467446, 396.30206543346594], [113.6513102941184, 145.73219945298277], [305.69800476031656, 342.05160040595064], [70.99058213711847, 110.7235860649692], [313.834332402228, 347.51471157393644], [400.13351552691347, 428.49361263302177], [323.50103483620757, 357.3513966250524], [234.9795394914019, 268.99268046768896], [337.8370393611031, 371.8440883598536], [197.80920353335196, 234.46729212669314], [44.89398318607722, 74.87444249492108], [287.02893781217483, 318.3337286310816], [325.22414676783285, 351.4149672360262], [417.8908431109568, 447.7539886375146], [366.9292492973379, 398.03053859054955], [353.92969737750724, 387.29863000336775], [270.01675955710164, 303.1638806243441], [268.37148162280886, 302.2790505041114], [10.404222260191744, 45.85033718191593], [21.848215794558502, 60.944997865022955], [9.710499102837717, 47.40447951799377], [332.83481932695776, 358.21094048350346], [201.15482001056336, 229.83037447643179], [0, 450]], "p": [0, 16.312898638241794, 11.178741051555377, 12.458488579193743, 11.743651513145341, 22.865358119908905, 17.469982675424443, 14.167544188666989, 19.849899917655126, 10.276530922597592, 21.861739768423117, 8.33555640506361, 18.272630550248667, 12.63997512825957, 12.807854920832296, 10.760084219684243, 18.34078698933435, 16.65245038151883, 13.845612548938316, 13.498433192423947, 12.647241504456801, 18.713173077261853, 10.776685375726862, 20.76376753433419, 16.454910401838106, 19.782010054445838, 12.707374987857463, 13.636422466921077, 7.225167167190666, 0], "e": [[1, 0, 1, 0], [0, 1, 1, 0], [1, 1, 0, 0], [0, 1, 0, 1], [0, 1, 0, 1], [1, 0, 0, 1], [1, 0, 1, 0], [1, 0, 0, 1], [0, 0, 1, 1], [0, 0, 1, 1], [1, 0, 0, 1], [0, 1, 1, 0], [0, 1, 1, 0], [0, 0, 1, 1], [0, 0, 1, 0], [0, 0, 1, 1], [0, 0, 0, 1], [1, 0, 0, 0], [0, 1, 0, 0], [0, 1, 0, 0], [1, 0, 0, 0], [0, 1, 0, 0], [1, 0, 0, 0], [0, 1, 0, 0], [1, 0, 0, 0]], "d": [[3, 2, 2, 2, 1, 0, 2, 1, 1, 1, 1, 0, 1, 2, 1, 1, 1, 1, 2, 2, 3, 0, 1, 1, 0, 1, 1, 2], [1, 2, 0, 0, 2, 3, 3, 1, 0, 1, 3, 0, 1, 3, 2, 1, 1, 0, 2, 2, 1, 1, 1, 0, 3, 1, 0, 1], [1, 0, 1, 2, 1, 1, 2, 0, 0, 2, 0, 1, 0, 0, 0, 0, 1, 2, 1, 2, 0, 0, 5, 1, 2, 0, 1, 1], [3, 1, 3, 0, 2, 0, 1, 2, 2, 3, 2, 3, 3, 3, 1, 1, 0, 0, 1, 0, 3, 4, 1, 1, 2, 1, 2, 3]], "r": [75.39777624862955, 168.4056759275656, 90.70399298407236, 131.17020617631132, 173.76912803419827, 62.10693630822299, 147.6684417136664, 174.3674844856822, 141.9054908758564, 125.3019629179945, 58.20675873523141, 70.35786949362748, 92.44153473845066, 153.01795419690646, 129.484418901567, 194.4801041503272, 59.68329281335248, 118.20236258322753, 92.17652313041114, 162.81101585446328, 79.80537262440596, 137.00622864881808, 100.72892672178729, 165.54262969860451, 70.55268587930433, 63.69675832742412, 91.21238412767255, 123.69814056927991], "b": [[[0.0, 0.0, 0.0, 0.0, 0.0, 0.0, 0.0, 0.0, 0.0, 0.0, 0.0, 0.0, 0.0, 0.0, 0.0, 0.0, 0.0, 0.0, 0.0, 0.0, 0.0, 0.0, 0.0, 0.0, 0.0, 0.0, 0.0, 0.0], [0.0, 0.0, 0.0, 0.0, 0.0, 0.0, 0.0, 0.0, 0.0, 0.0, 0.0, 0.0, 0.0, 0.0, 0.0, 0.0, 0.0, 0.0, 0.0, 0.0, 0.0, 0.0, 0.0, 0.0, 0.0, 0.0, 0.0, 0.0], [0.0, 0.0, 0.0, 0.0, 0.0, 0.0, 0.0, 0.0, 0.0, 0.0, 0.0, 0.0, 0.0, 0.0, 0.0, 0.0, 0.0, 0.0, 0.0, 0.0, 0.0, 0.0, 0.0, 0.0, 0.0, 0.0, 0.0, 0.0], [0.0, 0.0, 0.0, 0.0, 0.0, 0.0, 0.0, 0.0, 0.0, 0.0, 0.0, 0.0, 0.0, 0.0, 0.0, 0.0, 0.0, 0.0, 0.0, 0.0, 0.0, 0.0, 0.0, 0.0, 0.0, 0.0, 0.0, 0.0]], [[0.0, 0.0, 0.0, 0.0, 0.0, 0.0, 0.0, 0.0, 0.0, 0.0, 0.0, 0.0, 0.0, 0.0, 0.0, 0.0, 0.0, 0.0, 0.0, 0.0, 0.0, 0.0, 0.0, 0.0, 0.0, 0.0, 0.0, 0.0], [0.0, 0.0, 0.0, 0.0, 0.0, 0.0, 0.0, 0.0, 0.0, 0.0, 0.0, 0.0, 0.0, 0.0, 0.0, 0.0, 0.0, 0.0, 0.0, 0.0, 0.0, 0.0, 0.0, 0.0, 0.0, 0.0, 0.0, 0.0], [0.0, 0.0, 0.0, 0.0, 0.0, 0.0, 0.0, 0.0, 0.0, 0.0, 0.0, 0.0, 0.0, 0.0, 0.0, 0.0, 0.0, 0.0, 0.0, 0.0, 0.0, 0.0, 0.0, 0.0, 0.0, 0.0, 0.0, 0.0], [0.0, 0.0, 0.0, 0.0, 0.0, 0.0, 0.0, 0.0, 0.0, 0.0, 0.0, 0.0, 0.0, 0.0, 0.0, 0.0, 0.0, 0.0, 0.0, 0.0, 0.0, 0.0, 0.0, 0.0, 0.0, 0.0, 0.0, 0.0]], [[0.0, 0.0, 0.0, 0.0, 0.0, 0.0, 0.0, 0.0, 0.0, 0.0, 0.0, 0.0, 0.0, 0.0, 0.0, 0.0, 0.0, 0.0, 0.0, 0.0, 0.0, 0.0, 0.0, 0.0, 0.0, 0.0, 0.0, 0.0], [0.0, 0.0, 0.0, 0.0, 0.0, 0.0, 0.0, 0.0, 0.0, 0.0, 0.0, 0.0, 0.0, 0.0, 0.0, 0.0, 0.0, 0.0, 0.0, 0.0, 0.0, 0.0, 0.0, 0.0, 0.0, 0.0, 0.0, 0.0], [0.0, 0.0, 0.0, 0.0, 0.0, 0.0, 0.0, 0.0, 0.0, 0.0, 0.0, 0.0, 0.0, 0.0, 0.0, 0.0, 0.0, 0.0, 0.0, 0.0, 0.0, 0.0, 0.0, 0.0, 0.0, 0.0, 0.0, 0.0], [0.0, 0.0, 0.0, 0.0, 0.0, 0.0, 0.0, 0.0, 0.0, 0.0, 0.0, 0.0, 0.0, 0.0, 0.0, 0.0, 0.0, 0.0, 0.0, 0.0, 0.0, 0.0, 0.0, 0.0, 0.0, 0.0, 0.0, 0.0]], [[0.0, 0.0, 0.0, 0.0, 0.0, 0.0, 0.0, 0.0, 0.0, 0.0, 0.0, 0.0, 0.0, 0.0, 0.0, 0.0, 0.0, 0.0, 0.0, 0.0, 0.0, 0.0, 0.0, 0.0, 0.0, 0.0, 0.0, 0.0], [0.0, 0.0, 0.0, 0.0, 0.0, 0.0, 0.0, 0.0, 0.0, 0.0, 0.0, 0.0, 0.0, 0.0, 0.0, 0.0, 0.0, 0.0, 0.0, 0.0, 0.0, 0.0, 0.0, 0.0, 0.0, 0.0, 0.0, 0.0], [0.0, 0.0, 0.0, 0.0, 0.0, 0.0, 0.0, 0.0, 0.0, 0.0, 0.0, 0.0, 0.0, 0.0, 0.0, 0.0, 0.0, 0.0, 0.0, 0.0, 0.0, 0.0, 0.0, 0.0, 0.0, 0.0, 0.0, 0.0], [0.0, 0.0, 0.0, 0.0, 0.0, 0.0, 0.0, 0.0, 0.0, 0.0, 0.0, 0.0, 0.0, 0.0, 0.0, 0.0, 0.0, 0.0, 0.0, 0.0, 0.0, 0.0, 0.0, 0.0, 0.0, 0.0, 0.0, 0.0]], [[0.0, 0.0, 0.0, 0.0, 0.0, 0.0, 0.0, 0.0, 0.0, 0.0, 0.0, 0.0, 0.0, 0.0, 0.0, 0.0, 0.0, 0.0, 0.0, 0.0, 0.0, 0.0, 0.0, 0.0, 0.0, 0.0, 0.0, 0.0], [0.0, 0.0, 0.0, 0.0, 0.0, 0.0, 0.0, 0.0, 0.0, 0.0, 0.0, 0.0, 0.0, 0.0, 0.0, 0.0, 0.0, 0.0, 0.0, 0.0, 0.0, 0.0, 0.0, 0.0, 0.0, 0.0, 0.0, 0.0], [0.0, 0.0, 0.0, 0.0, 0.0, 0.0, 0.0, 0.0, 0.0, 0.0, 0.0, 0.0, 0.0, 0.0, 0.0, 0.0, 0.0, 0.0, 0.0, 0.0, 0.0, 0.0, 0.0, 0.0, 0.0, 0.0, 0.0, 0.0], [0.0, 0.0, 0.0, 0.0, 0.0, 0.0, 0.0, 0.0, 0.0, 0.0, 0.0, 0.0, 0.0, 0.0, 0.0, 0.0, 0.0, 0.0, 0.0, 0.0, 0.0, 0.0, 0.0, 0.0, 0.0, 0.0, 0.0, 0.0]], [[0.0, 0.0, 0.0, 0.0, 0.0, 0.0, 0.0, 0.0, 0.0, 0.0, 0.0, 0.0, 0.0, 0.0, 0.0, 0.0, 0.0, 0.0, 0.0, 0.0, 0.0, 0.0, 0.0, 0.0, 0.0, 0.0, 0.0, 0.0], [0.0, 0.0, 0.0, 0.0, 0.0, 0.0, 0.0, 0.0, 0.0, 0.0, 0.0, 0.0, 0.0, 0.0, 0.0, 0.0, 0.0, 0.0, 0.0, 0.0, 0.0, 0.0, 0.0, 0.0, 0.0, 0.0, 0.0, 0.0], [0.0, 0.0, 0.0, 0.0, 0.0, 0.0, 0.0, 0.0, 0.0, 0.0, 0.0, 0.0, 0.0, 0.0, 0.0, 0.0, 0.0, 0.0, 0.0, 0.0, 0.0, 0.0, 0.0, 0.0, 0.0, 0.0, 0.0, 0.0], [0.0, 0.0, 0.0, 0.0, 0.0, 0.0, 0.0, 0.0, 0.0, 0.0, 0.0, 0.0, 0.0, 0.0, 0.0, 0.0, 0.0, 0.0, 0.0, 0.0, 0.0, 0.0, 0.0, 0.0, 0.0, 0.0, 0.0, 0.0]], [[0.0, 0.0, 0.0, 0.0, 0.0, 0.0, 0.0, 0.0, 0.0, 0.0, 0.0, 0.0, 0.0, 0.0, 0.0, 0.0, 0.0, 0.0, 0.0, 0.0, 0.0, 0.0, 0.0, 0.0, 0.0, 0.0, 0.0, 0.0], [0.0, 0.0, 0.0, 0.0, 0.0, 0.0, 0.0, 0.0, 0.0, 0.0, 0.0, 0.0, 0.0, 0.0, 0.0, 0.0, 0.0, 0.0, 0.0, 0.0, 0.0, 0.0, 0.0, 0.0, 0.0, 0.0, 0.0, 0.0], [0.0, 0.0, 0.0, 0.0, 0.0, 0.0, 0.0, 0.0, 0.0, 0.0, 0.0, 0.0, 0.0, 0.0, 0.0, 0.0, 0.0, 0.0, 0.0, 0.0, 0.0, 0.0, 0.0, 0.0, 0.0, 0.0, 0.0, 0.0], [0.0, 0.0, 0.0, 0.0, 0.0, 0.0, 0.0, 0.0, 0.0, 0.0, 0.0, 0.0, 0.0, 0.0, 0.0, 0.0, 0.0, 0.0, 0.0, 0.0, 0.0, 0.0, 0.0, 0.0, 0.0, 0.0, 0.0, 0.0]], [[0.0, 0.0, 0.0, 0.0, 0.0, 0.0, 0.0, 0.0, 0.0, 0.0, 0.0, 0.0, 0.0, 0.0, 0.0, 0.0, 0.0, 0.0, 0.0, 0.0, 0.0, 0.0, 0.0, 0.0, 0.0, 0.0, 0.0, 0.0], [0.0, 0.0, 0.0, 0.0, 0.0, 0.0, 0.0, 0.0, 0.0, 0.0, 0.0, 0.0, 0.0, 0.0, 0.0, 0.0, 0.0, 0.0, 0.0, 0.0, 0.0, 0.0, 0.0, 0.0, 0.0, 0.0, 0.0, 0.0], [0.0, 0.0, 0.0, 0.0, 0.0, 0.0, 0.0, 0.0, 0.0, 0.0, 0.0, 0.0, 0.0, 0.0, 0.0, 0.0, 0.0, 0.0, 0.0, 0.0, 0.0, 0.0, 0.0, 0.0, 0.0, 0.0, 0.0, 0.0], [0.0, 0.0, 0.0, 0.0, 0.0, 0.0, 0.0, 0.0, 0.0, 0.0, 0.0, 0.0, 0.0, 0.0, 0.0, 0.0, 0.0, 0.0, 0.0, 0.0, 0.0, 0.0, 0.0, 0.0, 0.0, 0.0, 0.0, 0.0]], [[0.0, 0.0, 0.0, 0.0, 0.0, 0.0, 0.0, 0.0, 0.0, 0.0, 0.0, 0.0, 0.0, 0.0, 0.0, 0.0, 0.0, 0.0, 0.0, 0.0, 0.0, 0.0, 0.0, 0.0, 0.0, 0.0, 0.0, 0.0], [0.0, 0.0, 0.0, 0.0, 0.0, 0.0, 0.0, 0.0, 0.0, 0.0, 0.0, 0.0, 0.0, 0.0, 0.0, 0.0, 0.0, 0.0, 0.0, 0.0, 0.0, 0.0, 0.0, 0.0, 0.0, 0.0, 0.0, 0.0], [0.0, 0.0, 0.0, 0.0, 0.0, 0.0, 0.0, 0.0, 0.0, 0.0, 0.0, 0.0, 0.0, 0.0, 0.0, 0.0, 0.0, 0.0, 0.0, 0.0, 0.0, 0.0, 0.0, 0.0, 0.0, 0.0, 0.0, 0.0], [0.0, 0.0, 0.0, 0.0, 0.0, 0.0, 0.0, 0.0, 0.0, 0.0, 0.0, 0.0, 0.0, 0.0, 0.0, 0.0, 0.0, 0.0, 0.0, 0.0, 0.0, 0.0, 0.0, 0.0, 0.0, 0.0, 0.0, 0.0]], [[0.0, 0.0, 0.0, 0.0, 0.0, 0.0, 0.0, 0.0, 0.0, 0.0, 0.0, 0.0, 0.0, 0.0, 0.0, 0.0, 0.0, 0.0, 0.0, 0.0, 0.0, 0.0, 0.0, 0.0, 0.0, 0.0, 0.0, 0.0], [0.0, 0.0, 0.0, 0.0, 0.0, 0.0, 0.0, 0.0, 0.0, 0.0, 0.0, 0.0, 0.0, 0.0, 0.0, 0.0, 0.0, 0.0, 0.0, 0.0, 0.0, 0.0, 0.0, 0.0, 0.0, 0.0, 0.0, 0.0], [0.0, 0.0, 0.0, 0.0, 0.0, 0.0, 0.0, 0.0, 0.0, 0.0, 0.0, 0.0, 0.0, 0.0, 0.0, 0.0, 0.0, 0.0, 0.0, 0.0, 0.0, 0.0, 0.0, 0.0, 0.0, 0.0, 0.0, 0.0], [0.0, 0.0, 0.0, 0.0, 0.0, 0.0, 0.0, 0.0, 0.0, 0.0, 0.0, 0.0, 0.0, 0.0, 0.0, 0.0, 0.0, 0.0, 0.0, 0.0, 0.0, 0.0, 0.0, 0.0, 0.0, 0.0, 0.0, 0.0]], [[0.0, 0.0, 0.0, 0.0, 0.0, 0.0, 0.0, 0.0, 0.0, 0.0, 0.0, 0.0, 0.0, 0.0, 0.0, 0.0, 0.0, 0.0, 0.0, 0.0, 0.0, 0.0, 0.0, 0.0, 0.0, 0.0, 0.0, 0.0], [0.0, 0.0, 0.0, 0.0, 0.0, 0.0, 0.0, 0.0, 0.0, 0.0, 0.0, 0.0, 0.0, 0.0, 0.0, 0.0, 0.0, 0.0, 0.0, 0.0, 0.0, 0.0, 0.0, 0.0, 0.0, 0.0, 0.0, 0.0], [0.0, 0.0, 0.0, 0.0, 0.0, 0.0, 0.0, 0.0, 0.0, 0.0, 0.0, 0.0, 0.0, 0.0, 0.0, 0.0, 0.0, 0.0, 0.0, 0.0, 0.0, 0.0, 0.0, 0.0, 0.0, 0.0, 0.0, 0.0], [0.0, 0.0, 0.0, 0.0, 0.0, 0.0, 0.0, 0.0, 0.0, 0.0, 0.0, 0.0, 0.0, 0.0, 0.0, 0.0, 0.0, 0.0, 0.0, 0.0, 0.0, 0.0, 0.0, 0.0, 0.0, 0.0, 0.0, 0.0]], [[0.0, 0.0, 0.0, 0.0, 0.0, 0.0, 0.0, 0.0, 0.0, 0.0, 0.0, 0.0, 0.0, 0.0, 0.0, 0.0, 0.0, 0.0, 0.0, 0.0, 0.0, 0.0, 0.0, 0.0, 0.0, 0.0, 0.0, 0.0], [0.0, 0.0, 0.0, 0.0, 0.0, 0.0, 0.0, 0.0, 0.0, 0.0, 0.0, 0.0, 0.0, 0.0, 0.0, 0.0, 0.0, 0.0, 0.0, 0.0, 0.0, 0.0, 0.0, 0.0, 0.0, 0.0, 0.0, 0.0], [0.0, 0.0, 0.0, 0.0, 0.0, 0.0, 0.0, 0.0, 0.0, 0.0, 0.0, 0.0, 0.0, 0.0, 0.0, 0.0, 0.0, 0.0, 0.0, 0.0, 0.0, 0.0, 0.0, 0.0, 0.0, 0.0, 0.0, 0.0], [0.0, 0.0, 0.0, 0.0, 0.0, 0.0, 0.0, 0.0, 0.0, 0.0, 0.0, 0.0, 0.0, 0.0, 0.0, 0.0, 0.0, 0.0, 0.0, 0.0, 0.0, 0.0, 0.0, 0.0, 0.0, 0.0, 0.0, 0.0]], [[0.0, 0.0, 0.0, 0.0, 0.0, 0.0, 0.0, 0.0, 0.0, 0.0, 0.0, 0.0, 0.0, 0.0, 0.0, 0.0, 0.0, 0.0, 0.0, 0.0, 0.0, 0.0, 0.0, 0.0, 0.0, 0.0, 0.0, 0.0], [0.0, 0.0, 0.0, 0.0, 0.0, 0.0, 0.0, 0.0, 0.0, 0.0, 0.0, 0.0, 0.0, 0.0, 0.0, 0.0, 0.0, 0.0, 0.0, 0.0, 0.0, 0.0, 0.0, 0.0, 0.0, 0.0, 0.0, 0.0], [0.0, 0.0, 0.0, 0.0, 0.0, 0.0, 0.0, 0.0, 0.0, 0.0, 0.0, 0.0, 0.0, 0.0, 0.0, 0.0, 0.0, 0.0, 0.0, 0.0, 0.0, 0.0, 0.0, 0.0, 0.0, 0.0, 0.0, 0.0], [0.0, 0.0, 0.0, 0.0, 0.0, 0.0, 0.0, 0.0, 0.0, 0.0, 0.0, 0.0, 0.0, 0.0, 0.0, 0.0, 0.0, 0.0, 0.0, 0.0, 0.0, 0.0, 0.0, 0.0, 0.0, 0.0, 0.0, 0.0]], [[0.0, 0.0, 0.0, 0.0, 0.0, 0.0, 0.0, 0.0, 0.0, 0.0, 0.0, 0.0, 0.0, 0.0, 0.0, 0.0, 0.0, 0.0, 0.0, 0.0, 0.0, 0.0, 0.0, 0.0, 0.0, 0.0, 0.0, 0.0], [0.0, 0.0, 0.0, 0.0, 0.0, 0.0, 0.0, 0.0, 0.0, 0.0, 0.0, 0.0, 0.0, 0.0, 0.0, 0.0, 0.0, 0.0, 0.0, 0.0, 0.0, 0.0, 0.0, 0.0, 0.0, 0.0, 0.0, 0.0], [0.0, 0.0, 0.0, 0.0, 0.0, 0.0, 0.0, 0.0, 0.0, 0.0, 0.0, 0.0, 0.0, 0.0, 0.0, 0.0, 0.0, 0.0, 0.0, 0.0, 0.0, 0.0, 0.0, 0.0, 0.0, 0.0, 0.0, 0.0], [0.0, 0.0, 0.0, 0.0, 0.0, 0.0, 0.0, 0.0, 0.0, 0.0, 0.0, 0.0, 0.0, 0.0, 0.0, 0.0, 0.0, 0.0, 0.0, 0.0, 0.0, 0.0, 0.0, 0.0, 0.0, 0.0, 0.0, 0.0]], [[0.0, 0.0, 0.0, 0.0, 0.0, 0.0, 0.0, 0.0, 0.0, 0.0, 0.0, 0.0, 0.0, 0.0, 0.0, 0.0, 0.0, 0.0, 0.0, 0.0, 0.0, 0.0, 0.0, 0.0, 0.0, 0.0, 0.0, 0.0], [0.0, 0.0, 0.0, 0.0, 0.0, 0.0, 0.0, 0.0, 0.0, 0.0, 0.0, 0.0, 0.0, 0.0, 0.0, 0.0, 0.0, 0.0, 0.0, 0.0, 0.0, 0.0, 0.0, 0.0, 0.0, 0.0, 0.0, 0.0], [0.0, 0.0, 0.0, 0.0, 0.0, 0.0, 0.0, 0.0, 0.0, 0.0, 0.0, 0.0, 0.0, 0.0, 0.0, 0.0, 0.0, 0.0, 0.0, 0.0, 0.0, 0.0, 0.0, 0.0, 0.0, 0.0, 0.0, 0.0], [0.0, 0.0, 0.0, 0.0, 0.0, 0.0, 0.0, 0.0, 0.0, 0.0, 0.0, 0.0, 0.0, 0.0, 0.0, 0.0, 0.0, 0.0, 0.0, 0.0, 0.0, 0.0, 0.0, 0.0, 0.0, 0.0, 0.0, 0.0]], [[0.0, 0.0, 0.0, 0.0, 0.0, 0.0, 0.0, 0.0, 0.0, 0.0, 0.0, 0.0, 0.0, 0.0, 0.0, 0.0, 0.0, 0.0, 0.0, 0.0, 0.0, 0.0, 0.0, 0.0, 0.0, 0.0, 0.0, 0.0], [0.0, 0.0, 0.0, 0.0, 0.0, 0.0, 0.0, 0.0, 0.0, 0.0, 0.0, 0.0, 0.0, 0.0, 0.0, 0.0, 0.0, 0.0, 0.0, 0.0, 0.0, 0.0, 0.0, 0.0, 0.0, 0.0, 0.0, 0.0], [0.0, 0.0, 0.0, 0.0, 0.0, 0.0, 0.0, 0.0, 0.0, 0.0, 0.0, 0.0, 0.0, 0.0, 0.0, 0.0, 0.0, 0.0, 0.0, 0.0, 0.0, 0.0, 0.0, 0.0, 0.0, 0.0, 0.0, 0.0], [0.0, 0.0, 0.0, 0.0, 0.0, 0.0, 0.0, 0.0, 0.0, 0.0, 0.0, 0.0, 0.0, 0.0, 0.0, 0.0, 0.0, 0.0, 0.0, 0.0, 0.0, 0.0, 0.0, 0.0, 0.0, 0.0, 0.0, 0.0]], [[0.0, 0.0, 0.0, 0.0, 0.0, 0.0, 0.0, 0.0, 0.0, 0.0, 0.0, 0.0, 0.0, 0.0, 0.0, 0.0, 0.0, 0.0, 0.0, 0.0, 0.0, 0.0, 0.0, 0.0, 0.0, 0.0, 0.0, 0.0], [0.0, 0.0, 0.0, 0.0, 0.0, 0.0, 0.0, 0.0, 0.0, 0.0, 0.0, 0.0, 0.0, 0.0, 0.0, 0.0, 0.0, 0.0, 0.0, 0.0, 0.0, 0.0, 0.0, 0.0, 0.0, 0.0, 0.0, 0.0], [0.0, 0.0, 0.0, 0.0, 0.0, 0.0, 0.0, 0.0, 0.0, 0.0, 0.0, 0.0, 0.0, 0.0, 0.0, 0.0, 0.0, 0.0, 0.0, 0.0, 0.0, 0.0, 0.0, 0.0, 0.0, 0.0, 0.0, 0.0], [0.0, 0.0, 0.0, 0.0, 0.0, 0.0, 0.0, 0.0, 0.0, 0.0, 0.0, 0.0, 0.0, 0.0, 0.0, 0.0, 0.0, 0.0, 0.0, 0.0, 0.0, 0.0, 0.0, 0.0, 0.0, 0.0, 0.0, 0.0]], [[0.0, 0.0, 0.0, 0.0, 0.0, 0.0, 0.0, 0.0, 0.0, 0.0, 0.0, 0.0, 0.0, 0.0, 0.0, 0.0, 0.0, 0.0, 0.0, 0.0, 0.0, 0.0, 0.0, 0.0, 0.0, 0.0, 0.0, 0.0], [0.0, 0.0, 0.0, 0.0, 0.0, 0.0, 0.0, 0.0, 0.0, 0.0, 0.0, 0.0, 0.0, 0.0, 0.0, 0.0, 0.0, 0.0, 0.0, 0.0, 0.0, 0.0, 0.0, 0.0, 0.0, 0.0, 0.0, 0.0], [0.0, 0.0, 0.0, 0.0, 0.0, 0.0, 0.0, 0.0, 0.0, 0.0, 0.0, 0.0, 0.0, 0.0, 0.0, 0.0, 0.0, 0.0, 0.0, 0.0, 0.0, 0.0, 0.0, 0.0, 0.0, 0.0, 0.0, 0.0], [0.0, 0.0, 0.0, 0.0, 0.0, 0.0, 0.0, 0.0, 0.0, 0.0, 0.0, 0.0, 0.0, 0.0, 0.0, 0.0, 0.0, 0.0, 0.0, 0.0, 0.0, 0.0, 0.0, 0.0, 0.0, 0.0, 0.0, 0.0]], [[0.0, 0.0, 0.0, 0.0, 0.0, 0.0, 0.0, 0.0, 0.0, 0.0, 0.0, 0.0, 0.0, 0.0, 0.0, 0.0, 0.0, 0.0, 0.0, 0.0, 0.0, 0.0, 0.0, 0.0, 0.0, 0.0, 0.0, 0.0], [0.0, 0.0, 0.0, 0.0, 0.0, 0.0, 0.0, 0.0, 0.0, 0.0, 0.0, 0.0, 0.0, 0.0, 0.0, 0.0, 0.0, 0.0, 0.0, 0.0, 0.0, 0.0, 0.0, 0.0, 0.0, 0.0, 0.0, 0.0], [0.0, 0.0, 0.0, 0.0, 0.0, 0.0, 0.0, 0.0, 0.0, 0.0, 0.0, 0.0, 0.0, 0.0, 0.0, 0.0, 0.0, 0.0, 0.0, 0.0, 0.0, 0.0, 0.0, 0.0, 0.0, 0.0, 0.0, 0.0], [0.0, 0.0, 0.0, 0.0, 0.0, 0.0, 0.0, 0.0, 0.0, 0.0, 0.0, 0.0, 0.0, 0.0, 0.0, 0.0, 0.0, 0.0, 0.0, 0.0, 0.0, 0.0, 0.0, 0.0, 0.0, 0.0, 0.0, 0.0]], [[0.0, 0.0, 0.0, 0.0, 0.0, 0.0, 0.0, 0.0, 0.0, 0.0, 0.0, 0.0, 0.0, 0.0, 0.0, 0.0, 0.0, 0.0, 0.0, 0.0, 0.0, 0.0, 0.0, 0.0, 0.0, 0.0, 0.0, 0.0], [0.0, 0.0, 0.0, 0.0, 0.0, 0.0, 0.0, 0.0, 0.0, 0.0, 0.0, 0.0, 0.0, 0.0, 0.0, 0.0, 0.0, 0.0, 0.0, 0.0, 0.0, 0.0, 0.0, 0.0, 0.0, 0.0, 0.0, 0.0], [0.0, 0.0, 0.0, 0.0, 0.0, 0.0, 0.0, 0.0, 0.0, 0.0, 0.0, 0.0, 0.0, 0.0, 0.0, 0.0, 0.0, 0.0, 0.0, 0.0, 0.0, 0.0, 0.0, 0.0, 0.0, 0.0, 0.0, 0.0], [0.0, 0.0, 0.0, 0.0, 0.0, 0.0, 0.0, 0.0, 0.0, 0.0, 0.0, 0.0, 0.0, 0.0, 0.0, 0.0, 0.0, 0.0, 0.0, 0.0, 0.0, 0.0, 0.0, 0.0, 0.0, 0.0, 0.0, 0.0]], [[0.0, 0.0, 0.0, 0.0, 0.0, 0.0, 0.0, 0.0, 0.0, 0.0, 0.0, 0.0, 0.0, 0.0, 0.0, 0.0, 0.0, 0.0, 0.0, 0.0, 0.0, 0.0, 0.0, 0.0, 0.0, 0.0, 0.0, 0.0], [0.0, 0.0, 0.0, 0.0, 0.0, 0.0, 0.0, 0.0, 0.0, 0.0, 0.0, 0.0, 0.0, 0.0, 0.0, 0.0, 0.0, 0.0, 0.0, 0.0, 0.0, 0.0, 0.0, 0.0, 0.0, 0.0, 0.0, 0.0], [0.0, 0.0, 0.0, 0.0, 0.0, 0.0, 0.0, 0.0, 0.0, 0.0, 0.0, 0.0, 0.0, 0.0, 0.0, 0.0, 0.0, 0.0, 0.0, 0.0, 0.0, 0.0, 0.0, 0.0, 0.0, 0.0, 0.0, 0.0], [0.0, 0.0, 0.0, 0.0, 0.0, 0.0, 0.0, 0.0, 0.0, 0.0, 0.0, 0.0, 0.0, 0.0, 0.0, 0.0, 0.0, 0.0, 0.0, 0.0, 0.0, 0.0, 0.0, 0.0, 0.0, 0.0, 0.0, 0.0]], [[0.0, 0.0, 0.0, 0.0, 0.0, 0.0, 0.0, 0.0, 0.0, 0.0, 0.0, 0.0, 0.0, 0.0, 0.0, 0.0, 0.0, 0.0, 0.0, 0.0, 0.0, 0.0, 0.0, 0.0, 0.0, 0.0, 0.0, 0.0], [0.0, 0.0, 0.0, 0.0, 0.0, 0.0, 0.0, 0.0, 0.0, 0.0, 0.0, 0.0, 0.0, 0.0, 0.0, 0.0, 0.0, 0.0, 0.0, 0.0, 0.0, 0.0, 0.0, 0.0, 0.0, 0.0, 0.0, 0.0], [0.0, 0.0, 0.0, 0.0, 0.0, 0.0, 0.0, 0.0, 0.0, 0.0, 0.0, 0.0, 0.0, 0.0, 0.0, 0.0, 0.0, 0.0, 0.0, 0.0, 0.0, 0.0, 0.0, 0.0, 0.0, 0.0, 0.0, 0.0], [0.0, 0.0, 0.0, 0.0, 0.0, 0.0, 0.0, 0.0, 0.0, 0.0, 0.0, 0.0, 0.0, 0.0, 0.0, 0.0, 0.0, 0.0, 0.0, 0.0, 0.0, 0.0, 0.0, 0.0, 0.0, 0.0, 0.0, 0.0]], [[0.0, 0.0, 0.0, 0.0, 0.0, 0.0, 0.0, 0.0, 0.0, 0.0, 0.0, 0.0, 0.0, 0.0, 0.0, 0.0, 0.0, 0.0, 0.0, 0.0, 0.0, 0.0, 0.0, 0.0, 0.0, 0.0, 0.0, 0.0], [0.0, 0.0, 0.0, 0.0, 0.0, 0.0, 0.0, 0.0, 0.0, 0.0, 0.0, 0.0, 0.0, 0.0, 0.0, 0.0, 0.0, 0.0, 0.0, 0.0, 0.0, 0.0, 0.0, 0.0, 0.0, 0.0, 0.0, 0.0], [0.0, 0.0, 0.0, 0.0, 0.0, 0.0, 0.0, 0.0, 0.0, 0.0, 0.0, 0.0, 0.0, 0.0, 0.0, 0.0, 0.0, 0.0, 0.0, 0.0, 0.0, 0.0, 0.0, 0.0, 0.0, 0.0, 0.0, 0.0], [0.0, 0.0, 0.0, 0.0, 0.0, 0.0, 0.0, 0.0, 0.0, 0.0, 0.0, 0.0, 0.0, 0.0, 0.0, 0.0, 0.0, 0.0, 0.0, 0.0, 0.0, 0.0, 0.0, 0.0, 0.0, 0.0, 0.0, 0.0]], [[0.0, 0.0, 0.0, 0.0, 0.0, 0.0, 0.0, 0.0, 0.0, 0.0, 0.0, 0.0, 0.0, 0.0, 0.0, 0.0, 0.0, 0.0, 0.0, 0.0, 0.0, 0.0, 0.0, 0.0, 0.0, 0.0, 0.0, 0.0], [0.0, 0.0, 0.0, 0.0, 0.0, 0.0, 0.0, 0.0, 0.0, 0.0, 0.0, 0.0, 0.0, 0.0, 0.0, 0.0, 0.0, 0.0, 0.0, 0.0, 0.0, 0.0, 0.0, 0.0, 0.0, 0.0, 0.0, 0.0], [0.0, 0.0, 0.0, 0.0, 0.0, 0.0, 0.0, 0.0, 0.0, 0.0, 0.0, 0.0, 0.0, 0.0, 0.0, 0.0, 0.0, 0.0, 0.0, 0.0, 0.0, 0.0, 0.0, 0.0, 0.0, 0.0, 0.0, 0.0], [0.0, 0.0, 0.0, 0.0, 0.0, 0.0, 0.0, 0.0, 0.0, 0.0, 0.0, 0.0, 0.0, 0.0, 0.0, 0.0, 0.0, 0.0, 0.0, 0.0, 0.0, 0.0, 0.0, 0.0, 0.0, 0.0, 0.0, 0.0]], [[0.0, 0.0, 0.0, 0.0, 0.0, 0.0, 0.0, 0.0, 0.0, 0.0, 0.0, 0.0, 0.0, 0.0, 0.0, 0.0, 0.0, 0.0, 0.0, 0.0, 0.0, 0.0, 0.0, 0.0, 0.0, 0.0, 0.0, 0.0], [0.0, 0.0, 0.0, 0.0, 0.0, 0.0, 0.0, 0.0, 0.0, 0.0, 0.0, 0.0, 0.0, 0.0, 0.0, 0.0, 0.0, 0.0, 0.0, 0.0, 0.0, 0.0, 0.0, 0.0, 0.0, 0.0, 0.0, 0.0], [0.0, 0.0, 0.0, 0.0, 0.0, 0.0, 0.0, 0.0, 0.0, 0.0, 0.0, 0.0, 0.0, 0.0, 0.0, 0.0, 0.0, 0.0, 0.0, 0.0, 0.0, 0.0, 0.0, 0.0, 0.0, 0.0, 0.0, 0.0], [0.0, 0.0, 0.0, 0.0, 0.0, 0.0, 0.0, 0.0, 0.0, 0.0, 0.0, 0.0, 0.0, 0.0, 0.0, 0.0, 0.0, 0.0, 0.0, 0.0, 0.0, 0.0, 0.0, 0.0, 0.0, 0.0, 0.0, 0.0]]], "t": [[99999999.0, 7.7378574318768, 5.814444854273018, 6.507000679381825, 11.287783871668843, 6.171837247042956, 7.552881479469508, 5.418271893877328, 5.476018705546423, 14.095930183695469, 10.724156328705144, 14.465861400318712, 11.015844603343831, 12.141519446492602, 9.021710874058568, 14.357191463509771, 7.5088133092626554, 5.260322495889568, 13.882725832023956, 7.209095562046748, 5.676520900017307, 5.510038587787266, 13.437819352202432, 7.000672780489086, 10.574898701484493, 10.377767225265245, 13.87212435042179, 11.128682617052947, 14.401081250949462, 13.228872476530087], [7.7378574318768, 99999999.0, 9.018400129951209, 8.46703596802398, 5.422778307436951, 13.440540674530624, 11.518889400753462, 13.78861582455006, 9.62366267449585, 12.208549607228054, 13.339990680741025, 10.956794097271011, 6.822913891153495, 11.504634523205333, 13.559006891094963, 12.379623231115957, 5.885990060856198, 6.2547557846701505, 11.252175437302608, 7.079122552741987, 5.215168777726085, 5.513329549546027, 9.742944996299299, 8.359487836835132, 6.255108050984455, 13.56805327077661, 13.385815799195809, 5.13587140103264, 7.2179718772648, 10.59521846274319], [5.814444854273018, 9.018400129951209, 99999999.0, 11.025199360714828, 9.68553765405807, 5.771224015109956, 13.949682185716195, 11.984633657998666, 12.972725405249392, 7.406764527606904, 14.811266799896385, 13.822689653270606, 12.505651153163754, 6.126448560482553, 9.368533991538062, 9.989541680399633, 9.013206695280072, 9.126973001628564, 13.154352684730924, 13.870604199521392, 10.868350270862042, 10.365142246026153, 7.659165029039911, 9.570277579300235, 7.016477747878783, 5.400341660525613, 13.895035345393634, 11.245853307979145, 10.147098286241842, 14.591703279696793], [6.507000679381825, 8.46703596802398, 11.025199360714828, 99999999.0, 9.995988894838046, 12.806008334271569, 6.81314708971828, 9.0179124618609, 6.0053960814276195, 10.040287340398024, 14.978965681988786, 7.873856477450911, 9.713939482878214, 5.067879004613381, 9.431233990514963, 11.403194818783843, 7.016343162008418, 14.417671437329387, 12.202791991238879, 6.013610040299624, 8.159855498570632, 9.173023239241651, 11.399577490275444, 11.226937384447012, 12.266127413625728, 6.414502634639545, 8.83172307922142, 8.917143097306328, 5.984127784768574, 9.903873774454553], [11.287783871668843, 5.422778307436951, 9.68553765405807, 9.995988894838046, 99999999.0, 14.19727974659554, 10.407588764377406, 9.448850170974989, 7.094457868675605, 6.840734676956773, 12.811221812496232, 6.166157295621909, 8.214746386025205, 7.588881420386294, 13.505211597742855, 8.579858400879932, 8.85818242427814, 14.585820459686978, 8.252046766229693, 9.004910990324799, 10.07835565433906, 10.521814487532152, 12.778110394149657, 10.399501971933649, 5.555614166920249, 5.665752074835194, 6.645865733788494, 14.245813322877916, 8.460294937467173, 12.085421633494573], [6.171837247042956, 13.440540674530624, 5.771224015109956, 12.806008334271569, 14.19727974659554, 99999999.0, 6.36590396003434, 13.401438383779057, 10.66687383019145, 11.621496777233435, 6.503877063335572, 6.856117440598143, 5.715473001919894, 12.462977323837952, 5.323670123500234, 8.564115270153149, 7.274544569185323, 10.908704140299038, 12.259791478914352, 13.35415589042913, 5.338754409553783, 10.943570046650315, 14.812806248152503, 9.868466229514716, 10.538815028146429, 8.293128215126938, 13.483520904801937, 8.651973886168655, 7.81066946592195, 8.014605638679797], [7.552881479469508, 11.518889400753462, 13.949682185716195, 6.81314708971828, 10.407588764377406, 6.36590396003434, 99999999.0, 14.38118986120736, 7.714616167400138, 12.201432498327884, 12.467534508601759, 8.825667648940492, 5.675324255428688, 13.792683779520754, 7.5125576307635376, 11.444364819712263, 13.100511908077888, 8.835396482874744, 12.635826815590681, 14.908555058285922, 12.164562258093468, 5.345761565975415, 10.323795819020152, 9.498119541962714, 14.258452334309746, 5.026125626015282, 12.515462961988305, 13.322970863976987, 8.221001314787173, 10.947822331108188], [5.418271893877328, 13.78861582455006, 11.984633657998666, 9.0179124618609, 9.448850170974989, 13.401438383779057, 14.38118986120736, 99999999.0, 12.602919533704595, 5.314871885706365, 7.5022211118759525, 7.388321909103307, 14.970694249312965, 14.211258351623204, 6.966520247879737, 9.132775220178946, 5.63965329300132, 6.577599120380556, 13.539155061914167, 13.507006611188377, 10.979301873699132, 8.262033885111972, 13.451453728666344, 11.801860424869052, 13.75881093876816, 10.881116551843004, 9.16141480477863, 10.99964570594377, 6.102139029332877, 7.218856664133919], [5.476018705546423, 9.62366267449585, 12.972725405249392, 6.0053960814276195, 7.094457868675605, 10.66687383019145, 7.714616167400138, 12.602919533704595, 99999999.0, 11.61548684198079, 14.231517316773969, 9.296975629234582, 5.6242873754102884, 10.588344900711686, 12.962135443758683, 6.478767421615993, 6.8698809489879125, 11.052641118918933, 10.34646701368488, 12.228923872740445, 13.902685632315855, 6.476881556257173, 12.984667294156065, 5.380898262273579, 8.044418749231333, 14.399314936222215, 9.389013808881355, 12.1165032910132, 9.523824596479976, 9.625690139344123], [14.095930183695469, 12.208549607228054, 7.406764527606904, 10.040287340398024, 6.840734676956773, 11.621496777233435, 12.201432498327884, 5.314871885706365, 11.61548684198079, 99999999.0, 12.829862926258247, 7.768143424921413, 12.776838995394668, 8.521218719491264, 13.087526387465386, 10.690971201319169, 8.574765400967816, 10.21667808050239, 14.489010432273478, 7.119280465306619, 10.55954111730617, 8.194074214037098, 14.960677118628777, 7.578105757530472, 12.096069570301463, 5.163497593485493, 5.545827270396856, 7.555286439564726, 6.744782356921313, 7.734881841864427], [10.724156328705144, 13.339990680741025, 14.811266799896385, 14.978965681988786, 12.811221812496232, 6.503877063335572, 12.467534508601759, 7.5022211118759525, 14.231517316773969, 12.829862926258247, 99999999.0, 6.314697052332955, 9.602547881983623, 14.31770806826357, 8.14687783840558, 11.447518398084247, 5.062381112394908, 13.945072726085302, 10.376995750176194, 7.804774791519019, 14.66948634231936, 6.64947319690969, 12.690438697696456, 9.589904207972285, 13.273892551753391, 7.736044558004674, 14.820650493776794, 7.723797323497741, 9.809324050833268, 10.102554246405152], [14.465861400318712, 10.956794097271011, 13.822689653270606, 7.873856477450911, 6.166157295621909, 6.856117440598143, 8.825667648940492, 7.388321909103307, 9.296975629234582, 7.768143424921413, 6.314697052332955, 99999999.0, 10.335306930461947, 10.349515862879844, 8.792330467208718, 5.270545524195108, 8.087613109783444, 14.929577783363827, 11.797633491832144, 14.555184719458971, 9.561520592504724, 10.540436172771013, 12.077424376251308, 12.991138097452872, 9.476926925877166, 8.712167084184674, 6.237401669729424, 8.695373148424297, 9.47206008386743, 11.967791661417746], [11.015844603343831, 6.822913891153495, 12.505651153163754, 9.713939482878214, 8.214746386025205, 5.715473001919894, 5.675324255428688, 14.970694249312965, 5.6242873754102884, 12.776838995394668, 9.602547881983623, 10.335306930461947, 99999999.0, 8.523032905997404, 10.384126995214679, 13.500817492692006, 12.925427553103438, 13.427522016809007, 8.48917592443079, 11.763592212194014, 6.304458734382941, 7.761699420813038, 13.435762800960454, 5.581873451831493, 9.141328365758884, 8.26486881610782, 6.977095344977403, 5.875715058652751, 8.930165815995766, 7.885822222554411], [12.141519446492602, 11.504634523205333, 6.126448560482553, 5.067879004613381, 7.588881420386294, 12.462977323837952, 13.792683779520754, 14.211258351623204, 10.588344900711686, 8.521218719491264, 14.31770806826357, 10.349515862879844, 8.523032905997404, 99999999.0, 6.836384740697687, 7.306012313493275, 10.145170092841415, 9.74441242741601, 13.914123230493022, 8.55397127898516, 11.2028806454055, 11.867741921979157, 12.862567681669622, 11.866492852181079, 7.22411891665073, 14.217681498422634, 10.808498069501596, 7.5005363198803, 9.150476048205018, 7.920780556413508], [9.021710874058568, 13.559006891094963, 9.368533991538062, 9.431233990514963, 13.505211597742855, 5.323670123500234, 7.5125576307635376, 6.966520247879737, 12.962135443758683, 13.087526387465386, 8.14687783840558, 8.792330467208718, 10.384126995214679, 6.836384740697687, 99999999.0, 6.887936369998111, 5.126034180893785, 12.864771560211276, 11.92485927977497, 6.08281114073497, 13.838245191393527, 12.325418870801887, 11.553456546684368, 13.139859137783379, 5.390399346005998, 11.107203864816434, 6.840970341217068, 6.6291334385168845, 6.188941925859326, 12.946340925967144], [14.357191463509771, 12.379623231115957, 9.989541680399633, 11.403194818783843, 8.579858400879932, 8.564115270153149, 11.444364819712263, 9.132775220178946, 6.478767421615993, 10.690971201319169, 11.447518398084247, 5.270545524195108, 13.500817492692006, 7.306012313493275, 6.887936369998111, 99999999.0, 8.772184724762663, 6.775815184086347, 9.201713006518816, 6.53030136233789, 12.295360083027752, 10.50345533955603, 5.759503239670135, 5.109409430161197, 11.152796429256778, 10.448876002983985, 12.055550156943939, 9.830922306571471, 5.384339206833253, 7.744850595336176], [7.5088133092626554, 5.885990060856198, 9.013206695280072, 7.016343162008418, 8.85818242427814, 7.274544569185323, 13.100511908077888, 5.63965329300132, 6.8698809489879125, 8.574765400967816, 5.062381112394908, 8.087613109783444, 12.925427553103438, 10.145170092841415, 5.126034180893785, 8.772184724762663, 99999999.0, 11.097220592057104, 7.958451343159879, 14.000231738642698, 14.848468155850018, 9.244139421712973, 10.479862961577092, 12.712250397076392, 7.135160977129638, 9.621622386337172, 11.421228126442678, 7.069849118996128, 5.2121107088860805, 13.776052819658943], [5.260322495889568, 6.2547557846701505, 9.126973001628564, 14.417671437329387, 14.585820459686978, 10.908704140299038, 8.835396482874744, 6.577599120380556, 11.052641118918933, 10.21667808050239, 13.945072726085302, 14.929577783363827, 13.427522016809007, 9.74441242741601, 12.864771560211276, 6.775815184086347, 11.097220592057104, 99999999.0, 13.515721099096769, 10.895302208666676, 8.742629461438078, 10.849320889405401, 8.309226564503778, 9.739872872684336, 11.34152479064538, 11.10616812072806, 11.874927116810332, 6.608404139490846, 8.772978559319958, 11.737627471035857], [13.882725832023956, 11.252175437302608, 13.154352684730924, 12.202791991238879, 8.252046766229693, 12.259791478914352, 12.635826815590681, 13.539155061914167, 10.34646701368488, 14.489010432273478, 10.376995750176194, 11.797633491832144, 8.48917592443079, 13.914123230493022, 11.92485927977497, 9.201713006518816, 7.958451343159879, 13.515721099096769, 99999999.0, 12.397762199119159, 10.5921916406758, 10.142247583088924, 14.175491926295845, 14.022354611248536, 11.6839237526782, 12.227835336349946, 10.572206581768738, 6.957362690954556, 9.52262101120325, 5.433881069605953], [7.209095562046748, 7.079122552741987, 13.870604199521392, 6.013610040299624, 9.004910990324799, 13.35415589042913, 14.908555058285922, 13.507006611188377, 12.228923872740445, 7.119280465306619, 7.804774791519019, 14.555184719458971, 11.763592212194014, 8.55397127898516, 6.08281114073497, 6.53030136233789, 14.000231738642698, 10.895302208666676, 12.397762199119159, 99999999.0, 14.177679933211358, 12.080824682896166, 6.513302020603113, 6.713079046237884, 13.040326588622476, 14.87354387132709, 11.639613070416592, 8.830160231133906, 7.355720868899497, 9.207066234166554], [5.676520900017307, 5.215168777726085, 10.868350270862042, 8.159855498570632, 10.07835565433906, 5.338754409553783, 12.164562258093468, 10.979301873699132, 13.902685632315855, 10.55954111730617, 14.66948634231936, 9.561520592504724, 6.304458734382941, 11.2028806454055, 13.838245191393527, 12.295360083027752, 14.848468155850018, 8.742629461438078, 10.5921916406758, 14.177679933211358, 99999999.0, 5.97448977185479, 6.0763668591509905, 14.443714822673156, 5.130834253473383, 7.982861582919286, 13.683820971904767, 12.382811627481654, 11.986179998287184, 5.404816222317742], [5.510038587787266, 5.513329549546027, 10.365142246026153, 9.173023239241651, 10.521814487532152, 10.943570046650315, 5.345761565975415, 8.262033885111972, 6.476881556257173, 8.194074214037098, 6.64947319690969, 10.540436172771013, 7.761699420813038, 11.867741921979157, 12.325418870801887, 10.50345533955603, 9.244139421712973, 10.849320889405401, 10.142247583088924, 12.080824682896166, 5.97448977185479, 99999999.0, 13.00451996618009, 13.051181347745228, 6.433751068616907, 6.532758085110746, 5.200486580479211, 5.381686361188846, 7.511570016228083, 6.085023450725409], [13.437819352202432, 9.742944996299299, 7.659165029039911, 11.399577490275444, 12.778110394149657, 14.812806248152503, 10.323795819020152, 13.451453728666344, 12.984667294156065, 14.960677118628777, 12.690438697696456, 12.077424376251308, 13.435762800960454, 12.862567681669622, 11.553456546684368, 5.759503239670135, 10.479862961577092, 8.309226564503778, 14.175491926295845, 6.513302020603113, 6.0763668591509905, 13.00451996618009, 99999999.0, 11.108519562573429, 9.53350430669786, 5.191210584197905, 9.888180038211939, 14.623218360564561, 10.46799513441826, 6.241324254154765], [7.000672780489086, 8.359487836835132, 9.570277579300235, 11.226937384447012, 10.399501971933649, 9.868466229514716, 9.498119541962714, 11.801860424869052, 5.380898262273579, 7.578105757530472, 9.589904207972285, 12.991138097452872, 5.581873451831493, 11.866492852181079, 13.139859137783379, 5.109409430161197, 12.712250397076392, 9.739872872684336, 14.022354611248536, 6.713079046237884, 14.443714822673156, 13.051181347745228, 11.108519562573429, 99999999.0, 14.176332848942959, 7.659644453880322, 12.379162600910874, 7.417423716154312, 8.907985210256378, 8.601163434719918], [10.574898701484493, 6.255108050984455, 7.016477747878783, 12.266127413625728, 5.555614166920249, 10.538815028146429, 14.258452334309746, 13.75881093876816, 8.044418749231333, 12.096069570301463, 13.273892551753391, 9.476926925877166, 9.141328365758884, 7.22411891665073, 5.390399346005998, 11.152796429256778, 7.135160977129638, 11.34152479064538, 11.6839237526782, 13.040326588622476, 5.130834253473383, 6.433751068616907, 9.53350430669786, 14.176332848942959, 99999999.0, 13.792983893011868, 5.058841460018902, 7.734180645831842, 8.30940563153422, 9.997851138214692], [10.377767225265245, 13.56805327077661, 5.400341660525613, 6.414502634639545, 5.665752074835194, 8.293128215126938, 5.026125626015282, 10.881116551843004, 14.399314936222215, 5.163497593485493, 7.736044558004674, 8.712167084184674, 8.26486881610782, 14.217681498422634, 11.107203864816434, 10.448876002983985, 9.621622386337172, 11.10616812072806, 12.227835336349946, 14.87354387132709, 7.982861582919286, 6.532758085110746, 5.191210584197905, 7.659644453880322, 13.792983893011868, 99999999.0, 5.945076557085328, 14.331790619115695, 9.916893165853628, 9.623901063219625], [13.87212435042179, 13.385815799195809, 13.895035345393634, 8.83172307922142, 6.645865733788494, 13.483520904801937, 12.515462961988305, 9.16141480477863, 9.389013808881355, 5.545827270396856, 14.820650493776794, 6.237401669729424, 6.977095344977403, 10.808498069501596, 6.840970341217068, 12.055550156943939, 11.421228126442678, 11.874927116810332, 10.572206581768738, 11.639613070416592, 13.683820971904767, 5.200486580479211, 9.888180038211939, 12.379162600910874, 5.058841460018902, 5.945076557085328, 99999999.0, 10.17481490536847, 5.5113434590976595, 8.129883281689239], [11.128682617052947, 5.13587140103264, 11.245853307979145, 8.917143097306328, 14.245813322877916, 8.651973886168655, 13.322970863976987, 10.99964570594377, 12.1165032910132, 7.555286439564726, 7.723797323497741, 8.695373148424297, 5.875715058652751, 7.5005363198803, 6.6291334385168845, 9.830922306571471, 7.069849118996128, 6.608404139490846, 6.957362690954556, 8.830160231133906, 12.382811627481654, 5.381686361188846, 14.623218360564561, 7.417423716154312, 7.734180645831842, 14.331790619115695, 10.17481490536847, 99999999.0, 7.402591503939125, 9.638032902047332], [14.401081250949462, 7.2179718772648, 10.147098286241842, 5.984127784768574, 8.460294937467173, 7.81066946592195, 8.221001314787173, 6.102139029332877, 9.523824596479976, 6.744782356921313, 9.809324050833268, 9.47206008386743, 8.930165815995766, 9.150476048205018, 6.188941925859326, 5.384339206833253, 5.2121107088860805, 8.772978559319958, 9.52262101120325, 7.355720868899497, 11.986179998287184, 7.511570016228083, 10.46799513441826, 8.907985210256378, 8.30940563153422, 9.916893165853628, 5.5113434590976595, 7.402591503939125, 99999999.0, 5.047827196769948], [13.228872476530087, 10.59521846274319, 14.591703279696793, 9.903873774454553, 12.085421633494573, 8.014605638679797, 10.947822331108188, 7.218856664133919, 9.625690139344123, 7.734881841864427, 10.102554246405152, 11.967791661417746, 7.885822222554411, 7.920780556413508, 12.946340925967144, 7.744850595336176, 13.776052819658943, 11.737627471035857, 5.433881069605953, 9.207066234166554, 5.404816222317742, 6.085023450725409, 6.241324254154765, 8.601163434719918, 9.997851138214692, 9.623901063219625, 8.129883281689239, 9.638032902047332, 5.047827196769948, 99999999.0]], "M": 99999999.0}