{"num_workers": 25, "num_roles": 4, "num_nodes": 30, "w": [[0, 0], [363.1200277256538, 392.45990429926724], [160.87831015928344, 188.8155587610754], [227.25136507907783, 255.052633046725], [333.3771925981419, 369.86477741540875], [173.2168489050751, 203.68035604659588], [288.76972246102713, 321.01870672415976], [123.27474119003168, 160.70326345384558], [143.98840239137462, 180.95662793539512], [228.5446738066238, 263.4707385064358], [141.8294870663119, 167.98162127735924], [106.39934977946936, 142.99233788817588], [158.58516494547786, 192.35096368561813], [343.82732845545223, 377.0850195728125], [394.91407047608914, 431.7827379763757], [244.4865269193543, 277.30172229902706], [273.1272380060561, 306.98442169430973], [379.96993270432273, 414.9690203598402], [23.797067519619404, 55.498997534989726], [160.01186638279745, 197.3976876741693], [0.2667952331079557, 29.91467082863965], [196.08206531609983, 226.833560451762], [36.86007794594307, 65.1006993109595], [313.87653166020687, 340.1587847837716], [289.9840512540026, 328.0347775852145], [132.58525915750508, 161.8116754089056], [133.57904009358242, 161.0389215124997], [17.56250526042487, 48.10371476078973], [148.89697704579524, 185.22912245412266], [0, 450]], "p": [0, 13.194934395011654, 17.523191792839402, 15.36916982979083, 13.78972621218147, 19.004878115289205, 12.718415050866062, 20.189649237309347, 19.530531205066893, 16.91733431880693, 7.192639115599313, 19.778218849932944, 21.731611843833615, 21.217420574164333, 23.786113108438123, 17.302110610871527, 21.344134022880255, 16.486766556864353, 16.953065558200326, 22.361251839626107, 15.212923854697845, 19.770068384291516, 14.570549062960252, 14.658415104969668, 14.56410120886706, 18.83760679484263, 9.023180800048138, 14.649563221294112, 10.382807508575121, 0], "e": [[1, 0, 1, 0], [0, 0, 1, 1], [0, 1, 1, 0], [1, 1, 0, 0], [1, 1, 0, 0], [0, 1, 1, 0], [0, 1, 0, 1], [1, 0, 0, 1], [1, 0, 1, 0], [1, 0, 0, 1], [0, 1, 0, 1], [1, 0, 0, 1], [1, 1, 0, 0], [1, 1, 0, 0], [1, 1, 0, 0], [0, 0, 0, 1], [0, 0, 1, 0], [0, 0, 1, 0], [0, 0, 0, 1], [0, 0, 0, 1], [0, 0, 1, 0], [0, 0, 1, 0], [0, 0, 0, 1], [0, 1, 0, 0], [0, 0, 1, 0]], "d": [[1, 0, 0, 3, 0, 0, 1, 2, 1, 1, 0, 3, 1, 1, 1, 0, 0, 1, 2, 0, 4, 2, 0, 3, 0, 0, 0, 0], [2, 0, 1, 1, 2, 2, 2, 4, 2, 2, 1, 1, 0, 1, 0, 2, 0, 0, 2, 3, 1, 0, 1, 3, 2, 1, 0, 1], [1, 1, 2, 2, 0, 3, 0, 1, 0, 3, 1, 2, 1, 0, 5, 1, 1, 1, 1, 2, 1, 2, 3, 0, 1, 0, 2, 0], [4, 3, 0, 1, 1, 3, 2, 0, 1, 2, 1, 0, 1, 1, 2, 1, 2, 1, 0, 2, 1, 1, 1, 2, 3, 2, 2, 3]], "r": [1966.3258578793686, 1948.1607192941126, 858.7452277923503, 1393.664798079084, 2603.250166979884, 1171.1214644108923, 3692.6864996327977, 3248.1581334635703, 2153.387075998571, 1228.5277060230676, 2924.1674495517773, 2924.884931787239, 1806.4582369843436, 4415.792760808594, 2054.965678293858, 3642.5084092041147, 2145.5198663619567, 1788.6179641113931, 2306.661448541435, 1331.3373574731254, 3893.5455902007243, 1996.2432569154923, 2107.8866835157382, 1693.2305882657292, 3480.511083587974, 856.0408913181753, 1568.484003811263, 1013.8759075944973], "b": [[[0.0, 0.0, 0.0, 0.0, 0.0, 0.0, 0.0, 0.0, 0.0, 0.0, 0.0, 0.0, 0.0, 0.0, 0.0, 0.0, 0.0, 0.0, 0.0, 0.0, 0.0, 0.0, 0.0, 0.0, 0.0, 0.0, 0.0, 0.0], [0.0, 0.0, 0.0, 0.0, 0.0, 0.0, 0.0, 0.0, 0.0, 0.0, 0.0, 0.0, 0.0, 0.0, 0.0, 0.0, 0.0, 0.0, 0.0, 0.0, 0.0, 0.0, 0.0, 0.0, 0.0, 0.0, 0.0, 0.0], [0.0, 0.0, 0.0, 0.0, 0.0, 0.0, 0.0, 0.0, 0.0, 0.0, 0.0, 0.0, 0.0, 0.0, 0.0, 0.0, 0.0, 0.0, 0.0, 0.0, 0.0, 0.0, 0.0, 0.0, 0.0, 0.0, 0.0, 0.0], [0.0, 0.0, 0.0, 0.0, 0.0, 0.0, 0.0, 0.0, 0.0, 0.0, 0.0, 0.0, 0.0, 0.0, 0.0, 0.0, 0.0, 0.0, 0.0, 0.0, 0.0, 0.0, 0.0, 0.0, 0.0, 0.0, 0.0, 0.0]], [[0.0, 0.0, 0.0, 0.0, 0.0, 0.0, 0.0, 0.0, 0.0, 0.0, 0.0, 0.0, 0.0, 0.0, 0.0, 0.0, 0.0, 0.0, 0.0, 0.0, 0.0, 0.0, 0.0, 0.0, 0.0, 0.0, 0.0, 0.0], [0.0, 0.0, 0.0, 0.0, 0.0, 0.0, 0.0, 0.0, 0.0, 0.0, 0.0, 0.0, 0.0, 0.0, 0.0, 0.0, 0.0, 0.0, 0.0, 0.0, 0.0, 0.0, 0.0, 0.0, 0.0, 0.0, 0.0, 0.0], [0.0, 0.0, 0.0, 0.0, 0.0, 0.0, 0.0, 0.0, 0.0, 0.0, 0.0, 0.0, 0.0, 0.0, 0.0, 0.0, 0.0, 0.0, 0.0, 0.0, 0.0, 0.0, 0.0, 0.0, 0.0, 0.0, 0.0, 0.0], [0.0, 0.0, 0.0, 0.0, 0.0, 0.0, 0.0, 0.0, 0.0, 0.0, 0.0, 0.0, 0.0, 0.0, 0.0, 0.0, 0.0, 0.0, 0.0, 0.0, 0.0, 0.0, 0.0, 0.0, 0.0, 0.0, 0.0, 0.0]], [[0.0, 0.0, 0.0, 0.0, 0.0, 0.0, 0.0, 0.0, 0.0, 0.0, 0.0, 0.0, 0.0, 0.0, 0.0, 0.0, 0.0, 0.0, 0.0, 0.0, 0.0, 0.0, 0.0, 0.0, 0.0, 0.0, 0.0, 0.0], [0.0, 0.0, 0.0, 0.0, 0.0, 0.0, 0.0, 0.0, 0.0, 0.0, 0.0, 0.0, 0.0, 0.0, 0.0, 0.0, 0.0, 0.0, 0.0, 0.0, 0.0, 0.0, 0.0, 0.0, 0.0, 0.0, 0.0, 0.0], [0.0, 0.0, 0.0, 0.0, 0.0, 0.0, 0.0, 0.0, 0.0, 0.0, 0.0, 0.0, 0.0, 0.0, 0.0, 0.0, 0.0, 0.0, 0.0, 0.0, 0.0, 0.0, 0.0, 0.0, 0.0, 0.0, 0.0, 0.0], [0.0, 0.0, 0.0, 0.0, 0.0, 0.0, 0.0, 0.0, 0.0, 0.0, 0.0, 0.0, 0.0, 0.0, 0.0, 0.0, 0.0, 0.0, 0.0, 0.0, 0.0, 0.0, 0.0, 0.0, 0.0, 0.0, 0.0, 0.0]], [[0.0, 0.0, 0.0, 0.0, 0.0, 0.0, 0.0, 0.0, 0.0, 0.0, 0.0, 0.0, 0.0, 0.0, 0.0, 0.0, 0.0, 0.0, 0.0, 0.0, 0.0, 0.0, 0.0, 0.0, 0.0, 0.0, 0.0, 0.0], [0.0, 0.0, 0.0, 0.0, 0.0, 0.0, 0.0, 0.0, 0.0, 0.0, 0.0, 0.0, 0.0, 0.0, 0.0, 0.0, 0.0, 0.0, 0.0, 0.0, 0.0, 0.0, 0.0, 0.0, 0.0, 0.0, 0.0, 0.0], [0.0, 0.0, 0.0, 0.0, 0.0, 0.0, 0.0, 0.0, 0.0, 0.0, 0.0, 0.0, 0.0, 0.0, 0.0, 0.0, 0.0, 0.0, 0.0, 0.0, 0.0, 0.0, 0.0, 0.0, 0.0, 0.0, 0.0, 0.0], [0.0, 0.0, 0.0, 0.0, 0.0, 0.0, 0.0, 0.0, 0.0, 0.0, 0.0, 0.0, 0.0, 0.0, 0.0, 0.0, 0.0, 0.0, 0.0, 0.0, 0.0, 0.0, 0.0, 0.0, 0.0, 0.0, 0.0, 0.0]], [[0.0, 0.0, 0.0, 0.0, 0.0, 0.0, 0.0, 0.0, 0.0, 0.0, 0.0, 0.0, 0.0, 0.0, 0.0, 0.0, 0.0, 0.0, 0.0, 0.0, 0.0, 0.0, 0.0, 0.0, 0.0, 0.0, 0.0, 0.0], [0.0, 0.0, 0.0, 0.0, 0.0, 0.0, 0.0, 0.0, 0.0, 0.0, 0.0, 0.0, 0.0, 0.0, 0.0, 0.0, 0.0, 0.0, 0.0, 0.0, 0.0, 0.0, 0.0, 0.0, 0.0, 0.0, 0.0, 0.0], [0.0, 0.0, 0.0, 0.0, 0.0, 0.0, 0.0, 0.0, 0.0, 0.0, 0.0, 0.0, 0.0, 0.0, 0.0, 0.0, 0.0, 0.0, 0.0, 0.0, 0.0, 0.0, 0.0, 0.0, 0.0, 0.0, 0.0, 0.0], [0.0, 0.0, 0.0, 0.0, 0.0, 0.0, 0.0, 0.0, 0.0, 0.0, 0.0, 0.0, 0.0, 0.0, 0.0, 0.0, 0.0, 0.0, 0.0, 0.0, 0.0, 0.0, 0.0, 0.0, 0.0, 0.0, 0.0, 0.0]], [[0.0, 0.0, 0.0, 0.0, 0.0, 0.0, 0.0, 0.0, 0.0, 0.0, 0.0, 0.0, 0.0, 0.0, 0.0, 0.0, 0.0, 0.0, 0.0, 0.0, 0.0, 0.0, 0.0, 0.0, 0.0, 0.0, 0.0, 0.0], [0.0, 0.0, 0.0, 0.0, 0.0, 0.0, 0.0, 0.0, 0.0, 0.0, 0.0, 0.0, 0.0, 0.0, 0.0, 0.0, 0.0, 0.0, 0.0, 0.0, 0.0, 0.0, 0.0, 0.0, 0.0, 0.0, 0.0, 0.0], [0.0, 0.0, 0.0, 0.0, 0.0, 0.0, 0.0, 0.0, 0.0, 0.0, 0.0, 0.0, 0.0, 0.0, 0.0, 0.0, 0.0, 0.0, 0.0, 0.0, 0.0, 0.0, 0.0, 0.0, 0.0, 0.0, 0.0, 0.0], [0.0, 0.0, 0.0, 0.0, 0.0, 0.0, 0.0, 0.0, 0.0, 0.0, 0.0, 0.0, 0.0, 0.0, 0.0, 0.0, 0.0, 0.0, 0.0, 0.0, 0.0, 0.0, 0.0, 0.0, 0.0, 0.0, 0.0, 0.0]], [[0.0, 0.0, 0.0, 0.0, 0.0, 0.0, 0.0, 0.0, 0.0, 0.0, 0.0, 0.0, 0.0, 0.0, 0.0, 0.0, 0.0, 0.0, 0.0, 0.0, 0.0, 0.0, 0.0, 0.0, 0.0, 0.0, 0.0, 0.0], [0.0, 0.0, 0.0, 0.0, 0.0, 0.0, 0.0, 0.0, 0.0, 0.0, 0.0, 0.0, 0.0, 0.0, 0.0, 0.0, 0.0, 0.0, 0.0, 0.0, 0.0, 0.0, 0.0, 0.0, 0.0, 0.0, 0.0, 0.0], [0.0, 0.0, 0.0, 0.0, 0.0, 0.0, 0.0, 0.0, 0.0, 0.0, 0.0, 0.0, 0.0, 0.0, 0.0, 0.0, 0.0, 0.0, 0.0, 0.0, 0.0, 0.0, 0.0, 0.0, 0.0, 0.0, 0.0, 0.0], [0.0, 0.0, 0.0, 0.0, 0.0, 0.0, 0.0, 0.0, 0.0, 0.0, 0.0, 0.0, 0.0, 0.0, 0.0, 0.0, 0.0, 0.0, 0.0, 0.0, 0.0, 0.0, 0.0, 0.0, 0.0, 0.0, 0.0, 0.0]], [[0.0, 0.0, 0.0, 0.0, 0.0, 0.0, 0.0, 0.0, 0.0, 0.0, 0.0, 0.0, 0.0, 0.0, 0.0, 0.0, 0.0, 0.0, 0.0, 0.0, 0.0, 0.0, 0.0, 0.0, 0.0, 0.0, 0.0, 0.0], [0.0, 0.0, 0.0, 0.0, 0.0, 0.0, 0.0, 0.0, 0.0, 0.0, 0.0, 0.0, 0.0, 0.0, 0.0, 0.0, 0.0, 0.0, 0.0, 0.0, 0.0, 0.0, 0.0, 0.0, 0.0, 0.0, 0.0, 0.0], [0.0, 0.0, 0.0, 0.0, 0.0, 0.0, 0.0, 0.0, 0.0, 0.0, 0.0, 0.0, 0.0, 0.0, 0.0, 0.0, 0.0, 0.0, 0.0, 0.0, 0.0, 0.0, 0.0, 0.0, 0.0, 0.0, 0.0, 0.0], [0.0, 0.0, 0.0, 0.0, 0.0, 0.0, 0.0, 0.0, 0.0, 0.0, 0.0, 0.0, 0.0, 0.0, 0.0, 0.0, 0.0, 0.0, 0.0, 0.0, 0.0, 0.0, 0.0, 0.0, 0.0, 0.0, 0.0, 0.0]], [[0.0, 0.0, 0.0, 0.0, 0.0, 0.0, 0.0, 0.0, 0.0, 0.0, 0.0, 0.0, 0.0, 0.0, 0.0, 0.0, 0.0, 0.0, 0.0, 0.0, 0.0, 0.0, 0.0, 0.0, 0.0, 0.0, 0.0, 0.0], [0.0, 0.0, 0.0, 0.0, 0.0, 0.0, 0.0, 0.0, 0.0, 0.0, 0.0, 0.0, 0.0, 0.0, 0.0, 0.0, 0.0, 0.0, 0.0, 0.0, 0.0, 0.0, 0.0, 0.0, 0.0, 0.0, 0.0, 0.0], [0.0, 0.0, 0.0, 0.0, 0.0, 0.0, 0.0, 0.0, 0.0, 0.0, 0.0, 0.0, 0.0, 0.0, 0.0, 0.0, 0.0, 0.0, 0.0, 0.0, 0.0, 0.0, 0.0, 0.0, 0.0, 0.0, 0.0, 0.0], [0.0, 0.0, 0.0, 0.0, 0.0, 0.0, 0.0, 0.0, 0.0, 0.0, 0.0, 0.0, 0.0, 0.0, 0.0, 0.0, 0.0, 0.0, 0.0, 0.0, 0.0, 0.0, 0.0, 0.0, 0.0, 0.0, 0.0, 0.0]], [[0.0, 0.0, 0.0, 0.0, 0.0, 0.0, 0.0, 0.0, 0.0, 0.0, 0.0, 0.0, 0.0, 0.0, 0.0, 0.0, 0.0, 0.0, 0.0, 0.0, 0.0, 0.0, 0.0, 0.0, 0.0, 0.0, 0.0, 0.0], [0.0, 0.0, 0.0, 0.0, 0.0, 0.0, 0.0, 0.0, 0.0, 0.0, 0.0, 0.0, 0.0, 0.0, 0.0, 0.0, 0.0, 0.0, 0.0, 0.0, 0.0, 0.0, 0.0, 0.0, 0.0, 0.0, 0.0, 0.0], [0.0, 0.0, 0.0, 0.0, 0.0, 0.0, 0.0, 0.0, 0.0, 0.0, 0.0, 0.0, 0.0, 0.0, 0.0, 0.0, 0.0, 0.0, 0.0, 0.0, 0.0, 0.0, 0.0, 0.0, 0.0, 0.0, 0.0, 0.0], [0.0, 0.0, 0.0, 0.0, 0.0, 0.0, 0.0, 0.0, 0.0, 0.0, 0.0, 0.0, 0.0, 0.0, 0.0, 0.0, 0.0, 0.0, 0.0, 0.0, 0.0, 0.0, 0.0, 0.0, 0.0, 0.0, 0.0, 0.0]], [[0.0, 0.0, 0.0, 0.0, 0.0, 0.0, 0.0, 0.0, 0.0, 0.0, 0.0, 0.0, 0.0, 0.0, 0.0, 0.0, 0.0, 0.0, 0.0, 0.0, 0.0, 0.0, 0.0, 0.0, 0.0, 0.0, 0.0, 0.0], [0.0, 0.0, 0.0, 0.0, 0.0, 0.0, 0.0, 0.0, 0.0, 0.0, 0.0, 0.0, 0.0, 0.0, 0.0, 0.0, 0.0, 0.0, 0.0, 0.0, 0.0, 0.0, 0.0, 0.0, 0.0, 0.0, 0.0, 0.0], [0.0, 0.0, 0.0, 0.0, 0.0, 0.0, 0.0, 0.0, 0.0, 0.0, 0.0, 0.0, 0.0, 0.0, 0.0, 0.0, 0.0, 0.0, 0.0, 0.0, 0.0, 0.0, 0.0, 0.0, 0.0, 0.0, 0.0, 0.0], [0.0, 0.0, 0.0, 0.0, 0.0, 0.0, 0.0, 0.0, 0.0, 0.0, 0.0, 0.0, 0.0, 0.0, 0.0, 0.0, 0.0, 0.0, 0.0, 0.0, 0.0, 0.0, 0.0, 0.0, 0.0, 0.0, 0.0, 0.0]], [[0.0, 0.0, 0.0, 0.0, 0.0, 0.0, 0.0, 0.0, 0.0, 0.0, 0.0, 0.0, 0.0, 0.0, 0.0, 0.0, 0.0, 0.0, 0.0, 0.0, 0.0, 0.0, 0.0, 0.0, 0.0, 0.0, 0.0, 0.0], [0.0, 0.0, 0.0, 0.0, 0.0, 0.0, 0.0, 0.0, 0.0, 0.0, 0.0, 0.0, 0.0, 0.0, 0.0, 0.0, 0.0, 0.0, 0.0, 0.0, 0.0, 0.0, 0.0, 0.0, 0.0, 0.0, 0.0, 0.0], [0.0, 0.0, 0.0, 0.0, 0.0, 0.0, 0.0, 0.0, 0.0, 0.0, 0.0, 0.0, 0.0, 0.0, 0.0, 0.0, 0.0, 0.0, 0.0, 0.0, 0.0, 0.0, 0.0, 0.0, 0.0, 0.0, 0.0, 0.0], [0.0, 0.0, 0.0, 0.0, 0.0, 0.0, 0.0, 0.0, 0.0, 0.0, 0.0, 0.0, 0.0, 0.0, 0.0, 0.0, 0.0, 0.0, 0.0, 0.0, 0.0, 0.0, 0.0, 0.0, 0.0, 0.0, 0.0, 0.0]], [[0.0, 0.0, 0.0, 0.0, 0.0, 0.0, 0.0, 0.0, 0.0, 0.0, 0.0, 0.0, 0.0, 0.0, 0.0, 0.0, 0.0, 0.0, 0.0, 0.0, 0.0, 0.0, 0.0, 0.0, 0.0, 0.0, 0.0, 0.0], [0.0, 0.0, 0.0, 0.0, 0.0, 0.0, 0.0, 0.0, 0.0, 0.0, 0.0, 0.0, 0.0, 0.0, 0.0, 0.0, 0.0, 0.0, 0.0, 0.0, 0.0, 0.0, 0.0, 0.0, 0.0, 0.0, 0.0, 0.0], [0.0, 0.0, 0.0, 0.0, 0.0, 0.0, 0.0, 0.0, 0.0, 0.0, 0.0, 0.0, 0.0, 0.0, 0.0, 0.0, 0.0, 0.0, 0.0, 0.0, 0.0, 0.0, 0.0, 0.0, 0.0, 0.0, 0.0, 0.0], [0.0, 0.0, 0.0, 0.0, 0.0, 0.0, 0.0, 0.0, 0.0, 0.0, 0.0, 0.0, 0.0, 0.0, 0.0, 0.0, 0.0, 0.0, 0.0, 0.0, 0.0, 0.0, 0.0, 0.0, 0.0, 0.0, 0.0, 0.0]], [[0.0, 0.0, 0.0, 0.0, 0.0, 0.0, 0.0, 0.0, 0.0, 0.0, 0.0, 0.0, 0.0, 0.0, 0.0, 0.0, 0.0, 0.0, 0.0, 0.0, 0.0, 0.0, 0.0, 0.0, 0.0, 0.0, 0.0, 0.0], [0.0, 0.0, 0.0, 0.0, 0.0, 0.0, 0.0, 0.0, 0.0, 0.0, 0.0, 0.0, 0.0, 0.0, 0.0, 0.0, 0.0, 0.0, 0.0, 0.0, 0.0, 0.0, 0.0, 0.0, 0.0, 0.0, 0.0, 0.0], [0.0, 0.0, 0.0, 0.0, 0.0, 0.0, 0.0, 0.0, 0.0, 0.0, 0.0, 0.0, 0.0, 0.0, 0.0, 0.0, 0.0, 0.0, 0.0, 0.0, 0.0, 0.0, 0.0, 0.0, 0.0, 0.0, 0.0, 0.0], [0.0, 0.0, 0.0, 0.0, 0.0, 0.0, 0.0, 0.0, 0.0, 0.0, 0.0, 0.0, 0.0, 0.0, 0.0, 0.0, 0.0, 0.0, 0.0, 0.0, 0.0, 0.0, 0.0, 0.0, 0.0, 0.0, 0.0, 0.0]], [[0.0, 0.0, 0.0, 0.0, 0.0, 0.0, 0.0, 0.0, 0.0, 0.0, 0.0, 0.0, 0.0, 0.0, 0.0, 0.0, 0.0, 0.0, 0.0, 0.0, 0.0, 0.0, 0.0, 0.0, 0.0, 0.0, 0.0, 0.0], [0.0, 0.0, 0.0, 0.0, 0.0, 0.0, 0.0, 0.0, 0.0, 0.0, 0.0, 0.0, 0.0, 0.0, 0.0, 0.0, 0.0, 0.0, 0.0, 0.0, 0.0, 0.0, 0.0, 0.0, 0.0, 0.0, 0.0, 0.0], [0.0, 0.0, 0.0, 0.0, 0.0, 0.0, 0.0, 0.0, 0.0, 0.0, 0.0, 0.0, 0.0, 0.0, 0.0, 0.0, 0.0, 0.0, 0.0, 0.0, 0.0, 0.0, 0.0, 0.0, 0.0, 0.0, 0.0, 0.0], [0.0, 0.0, 0.0, 0.0, 0.0, 0.0, 0.0, 0.0, 0.0, 0.0, 0.0, 0.0, 0.0, 0.0, 0.0, 0.0, 0.0, 0.0, 0.0, 0.0, 0.0, 0.0, 0.0, 0.0, 0.0, 0.0, 0.0, 0.0]], [[0.0, 0.0, 0.0, 0.0, 0.0, 0.0, 0.0, 0.0, 0.0, 0.0, 0.0, 0.0, 0.0, 0.0, 0.0, 0.0, 0.0, 0.0, 0.0, 0.0, 0.0, 0.0, 0.0, 0.0, 0.0, 0.0, 0.0, 0.0], [0.0, 0.0, 0.0, 0.0, 0.0, 0.0, 0.0, 0.0, 0.0, 0.0, 0.0, 0.0, 0.0, 0.0, 0.0, 0.0, 0.0, 0.0, 0.0, 0.0, 0.0, 0.0, 0.0, 0.0, 0.0, 0.0, 0.0, 0.0], [0.0, 0.0, 0.0, 0.0, 0.0, 0.0, 0.0, 0.0, 0.0, 0.0, 0.0, 0.0, 0.0, 0.0, 0.0, 0.0, 0.0, 0.0, 0.0, 0.0, 0.0, 0.0, 0.0, 0.0, 0.0, 0.0, 0.0, 0.0], [0.0, 0.0, 0.0, 0.0, 0.0, 0.0, 0.0, 0.0, 0.0, 0.0, 0.0, 0.0, 0.0, 0.0, 0.0, 0.0, 0.0, 0.0, 0.0, 0.0, 0.0, 0.0, 0.0, 0.0, 0.0, 0.0, 0.0, 0.0]], [[0.0, 0.0, 0.0, 0.0, 0.0, 0.0, 0.0, 0.0, 0.0, 0.0, 0.0, 0.0, 0.0, 0.0, 0.0, 0.0, 0.0, 0.0, 0.0, 0.0, 0.0, 0.0, 0.0, 0.0, 0.0, 0.0, 0.0, 0.0], [0.0, 0.0, 0.0, 0.0, 0.0, 0.0, 0.0, 0.0, 0.0, 0.0, 0.0, 0.0, 0.0, 0.0, 0.0, 0.0, 0.0, 0.0, 0.0, 0.0, 0.0, 0.0, 0.0, 0.0, 0.0, 0.0, 0.0, 0.0], [0.0, 0.0, 0.0, 0.0, 0.0, 0.0, 0.0, 0.0, 0.0, 0.0, 0.0, 0.0, 0.0, 0.0, 0.0, 0.0, 0.0, 0.0, 0.0, 0.0, 0.0, 0.0, 0.0, 0.0, 0.0, 0.0, 0.0, 0.0], [0.0, 0.0, 0.0, 0.0, 0.0, 0.0, 0.0, 0.0, 0.0, 0.0, 0.0, 0.0, 0.0, 0.0, 0.0, 0.0, 0.0, 0.0, 0.0, 0.0, 0.0, 0.0, 0.0, 0.0, 0.0, 0.0, 0.0, 0.0]], [[0.0, 0.0, 0.0, 0.0, 0.0, 0.0, 0.0, 0.0, 0.0, 0.0, 0.0, 0.0, 0.0, 0.0, 0.0, 0.0, 0.0, 0.0, 0.0, 0.0, 0.0, 0.0, 0.0, 0.0, 0.0, 0.0, 0.0, 0.0], [0.0, 0.0, 0.0, 0.0, 0.0, 0.0, 0.0, 0.0, 0.0, 0.0, 0.0, 0.0, 0.0, 0.0, 0.0, 0.0, 0.0, 0.0, 0.0, 0.0, 0.0, 0.0, 0.0, 0.0, 0.0, 0.0, 0.0, 0.0], [0.0, 0.0, 0.0, 0.0, 0.0, 0.0, 0.0, 0.0, 0.0, 0.0, 0.0, 0.0, 0.0, 0.0, 0.0, 0.0, 0.0, 0.0, 0.0, 0.0, 0.0, 0.0, 0.0, 0.0, 0.0, 0.0, 0.0, 0.0], [0.0, 0.0, 0.0, 0.0, 0.0, 0.0, 0.0, 0.0, 0.0, 0.0, 0.0, 0.0, 0.0, 0.0, 0.0, 0.0, 0.0, 0.0, 0.0, 0.0, 0.0, 0.0, 0.0, 0.0, 0.0, 0.0, 0.0, 0.0]], [[0.0, 0.0, 0.0, 0.0, 0.0, 0.0, 0.0, 0.0, 0.0, 0.0, 0.0, 0.0, 0.0, 0.0, 0.0, 0.0, 0.0, 0.0, 0.0, 0.0, 0.0, 0.0, 0.0, 0.0, 0.0, 0.0, 0.0, 0.0], [0.0, 0.0, 0.0, 0.0, 0.0, 0.0, 0.0, 0.0, 0.0, 0.0, 0.0, 0.0, 0.0, 0.0, 0.0, 0.0, 0.0, 0.0, 0.0, 0.0, 0.0, 0.0, 0.0, 0.0, 0.0, 0.0, 0.0, 0.0], [0.0, 0.0, 0.0, 0.0, 0.0, 0.0, 0.0, 0.0, 0.0, 0.0, 0.0, 0.0, 0.0, 0.0, 0.0, 0.0, 0.0, 0.0, 0.0, 0.0, 0.0, 0.0, 0.0, 0.0, 0.0, 0.0, 0.0, 0.0], [0.0, 0.0, 0.0, 0.0, 0.0, 0.0, 0.0, 0.0, 0.0, 0.0, 0.0, 0.0, 0.0, 0.0, 0.0, 0.0, 0.0, 0.0, 0.0, 0.0, 0.0, 0.0, 0.0, 0.0, 0.0, 0.0, 0.0, 0.0]], [[0.0, 0.0, 0.0, 0.0, 0.0, 0.0, 0.0, 0.0, 0.0, 0.0, 0.0, 0.0, 0.0, 0.0, 0.0, 0.0, 0.0, 0.0, 0.0, 0.0, 0.0, 0.0, 0.0, 0.0, 0.0, 0.0, 0.0, 0.0], [0.0, 0.0, 0.0, 0.0, 0.0, 0.0, 0.0, 0.0, 0.0, 0.0, 0.0, 0.0, 0.0, 0.0, 0.0, 0.0, 0.0, 0.0, 0.0, 0.0, 0.0, 0.0, 0.0, 0.0, 0.0, 0.0, 0.0, 0.0], [0.0, 0.0, 0.0, 0.0, 0.0, 0.0, 0.0, 0.0, 0.0, 0.0, 0.0, 0.0, 0.0, 0.0, 0.0, 0.0, 0.0, 0.0, 0.0, 0.0, 0.0, 0.0, 0.0, 0.0, 0.0, 0.0, 0.0, 0.0], [0.0, 0.0, 0.0, 0.0, 0.0, 0.0, 0.0, 0.0, 0.0, 0.0, 0.0, 0.0, 0.0, 0.0, 0.0, 0.0, 0.0, 0.0, 0.0, 0.0, 0.0, 0.0, 0.0, 0.0, 0.0, 0.0, 0.0, 0.0]], [[0.0, 0.0, 0.0, 0.0, 0.0, 0.0, 0.0, 0.0, 0.0, 0.0, 0.0, 0.0, 0.0, 0.0, 0.0, 0.0, 0.0, 0.0, 0.0, 0.0, 0.0, 0.0, 0.0, 0.0, 0.0, 0.0, 0.0, 0.0], [0.0, 0.0, 0.0, 0.0, 0.0, 0.0, 0.0, 0.0, 0.0, 0.0, 0.0, 0.0, 0.0, 0.0, 0.0, 0.0, 0.0, 0.0, 0.0, 0.0, 0.0, 0.0, 0.0, 0.0, 0.0, 0.0, 0.0, 0.0], [0.0, 0.0, 0.0, 0.0, 0.0, 0.0, 0.0, 0.0, 0.0, 0.0, 0.0, 0.0, 0.0, 0.0, 0.0, 0.0, 0.0, 0.0, 0.0, 0.0, 0.0, 0.0, 0.0, 0.0, 0.0, 0.0, 0.0, 0.0], [0.0, 0.0, 0.0, 0.0, 0.0, 0.0, 0.0, 0.0, 0.0, 0.0, 0.0, 0.0, 0.0, 0.0, 0.0, 0.0, 0.0, 0.0, 0.0, 0.0, 0.0, 0.0, 0.0, 0.0, 0.0, 0.0, 0.0, 0.0]], [[0.0, 0.0, 0.0, 0.0, 0.0, 0.0, 0.0, 0.0, 0.0, 0.0, 0.0, 0.0, 0.0, 0.0, 0.0, 0.0, 0.0, 0.0, 0.0, 0.0, 0.0, 0.0, 0.0, 0.0, 0.0, 0.0, 0.0, 0.0], [0.0, 0.0, 0.0, 0.0, 0.0, 0.0, 0.0, 0.0, 0.0, 0.0, 0.0, 0.0, 0.0, 0.0, 0.0, 0.0, 0.0, 0.0, 0.0, 0.0, 0.0, 0.0, 0.0, 0.0, 0.0, 0.0, 0.0, 0.0], [0.0, 0.0, 0.0, 0.0, 0.0, 0.0, 0.0, 0.0, 0.0, 0.0, 0.0, 0.0, 0.0, 0.0, 0.0, 0.0, 0.0, 0.0, 0.0, 0.0, 0.0, 0.0, 0.0, 0.0, 0.0, 0.0, 0.0, 0.0], [0.0, 0.0, 0.0, 0.0, 0.0, 0.0, 0.0, 0.0, 0.0, 0.0, 0.0, 0.0, 0.0, 0.0, 0.0, 0.0, 0.0, 0.0, 0.0, 0.0, 0.0, 0.0, 0.0, 0.0, 0.0, 0.0, 0.0, 0.0]], [[0.0, 0.0, 0.0, 0.0, 0.0, 0.0, 0.0, 0.0, 0.0, 0.0, 0.0, 0.0, 0.0, 0.0, 0.0, 0.0, 0.0, 0.0, 0.0, 0.0, 0.0, 0.0, 0.0, 0.0, 0.0, 0.0, 0.0, 0.0], [0.0, 0.0, 0.0, 0.0, 0.0, 0.0, 0.0, 0.0, 0.0, 0.0, 0.0, 0.0, 0.0, 0.0, 0.0, 0.0, 0.0, 0.0, 0.0, 0.0, 0.0, 0.0, 0.0, 0.0, 0.0, 0.0, 0.0, 0.0], [0.0, 0.0, 0.0, 0.0, 0.0, 0.0, 0.0, 0.0, 0.0, 0.0, 0.0, 0.0, 0.0, 0.0, 0.0, 0.0, 0.0, 0.0, 0.0, 0.0, 0.0, 0.0, 0.0, 0.0, 0.0, 0.0, 0.0, 0.0], [0.0, 0.0, 0.0, 0.0, 0.0, 0.0, 0.0, 0.0, 0.0, 0.0, 0.0, 0.0, 0.0, 0.0, 0.0, 0.0, 0.0, 0.0, 0.0, 0.0, 0.0, 0.0, 0.0, 0.0, 0.0, 0.0, 0.0, 0.0]], [[0.0, 0.0, 0.0, 0.0, 0.0, 0.0, 0.0, 0.0, 0.0, 0.0, 0.0, 0.0, 0.0, 0.0, 0.0, 0.0, 0.0, 0.0, 0.0, 0.0, 0.0, 0.0, 0.0, 0.0, 0.0, 0.0, 0.0, 0.0], [0.0, 0.0, 0.0, 0.0, 0.0, 0.0, 0.0, 0.0, 0.0, 0.0, 0.0, 0.0, 0.0, 0.0, 0.0, 0.0, 0.0, 0.0, 0.0, 0.0, 0.0, 0.0, 0.0, 0.0, 0.0, 0.0, 0.0, 0.0], [0.0, 0.0, 0.0, 0.0, 0.0, 0.0, 0.0, 0.0, 0.0, 0.0, 0.0, 0.0, 0.0, 0.0, 0.0, 0.0, 0.0, 0.0, 0.0, 0.0, 0.0, 0.0, 0.0, 0.0, 0.0, 0.0, 0.0, 0.0], [0.0, 0.0, 0.0, 0.0, 0.0, 0.0, 0.0, 0.0, 0.0, 0.0, 0.0, 0.0, 0.0, 0.0, 0.0, 0.0, 0.0, 0.0, 0.0, 0.0, 0.0, 0.0, 0.0, 0.0, 0.0, 0.0, 0.0, 0.0]], [[0.0, 0.0, 0.0, 0.0, 0.0, 0.0, 0.0, 0.0, 0.0, 0.0, 0.0, 0.0, 0.0, 0.0, 0.0, 0.0, 0.0, 0.0, 0.0, 0.0, 0.0, 0.0, 0.0, 0.0, 0.0, 0.0, 0.0, 0.0], [0.0, 0.0, 0.0, 0.0, 0.0, 0.0, 0.0, 0.0, 0.0, 0.0, 0.0, 0.0, 0.0, 0.0, 0.0, 0.0, 0.0, 0.0, 0.0, 0.0, 0.0, 0.0, 0.0, 0.0, 0.0, 0.0, 0.0, 0.0], [0.0, 0.0, 0.0, 0.0, 0.0, 0.0, 0.0, 0.0, 0.0, 0.0, 0.0, 0.0, 0.0, 0.0, 0.0, 0.0, 0.0, 0.0, 0.0, 0.0, 0.0, 0.0, 0.0, 0.0, 0.0, 0.0, 0.0, 0.0], [0.0, 0.0, 0.0, 0.0, 0.0, 0.0, 0.0, 0.0, 0.0, 0.0, 0.0, 0.0, 0.0, 0.0, 0.0, 0.0, 0.0, 0.0, 0.0, 0.0, 0.0, 0.0, 0.0, 0.0, 0.0, 0.0, 0.0, 0.0]]], "t": [[99999999.0, 5.00846432907951, 13.901554419321174, 12.581843656119359, 13.167285699588117, 11.662628689851388, 10.737881369789784, 8.996098743608206, 12.773145872267223, 7.232217560570103, 5.487227832956011, 9.42638777540742, 9.072003591925782, 13.185359171260775, 9.25056630248021, 6.150265296443838, 13.220641164520254, 7.64983322519507, 14.892821709224249, 12.318992258161535, 5.939359100911304, 9.952779353873176, 7.323876196520432, 10.265644673443557, 14.366183011573556, 10.245088632117037, 5.670796889502459, 11.247369748522788, 6.629886658594125, 9.59953910358455], [5.00846432907951, 99999999.0, 12.632372599779407, 14.19791786012717, 13.212206264355103, 8.096647050309205, 14.044133922346763, 7.984014114471791, 11.649006247177708, 8.745566786674383, 13.672291952618819, 9.541530331004658, 13.851924894836912, 7.801518421584218, 12.642706080621037, 12.981827200752598, 12.660654293096545, 9.253043778266619, 14.597590784161206, 13.226166245380615, 13.740790431104088, 14.747139633943272, 8.73378522192737, 7.180597631151646, 5.752305596427619, 12.250600822433793, 13.381857889450458, 5.0960998955336345, 5.955750112813276, 6.4056959607493], [13.901554419321174, 12.632372599779407, 99999999.0, 8.865819778376547, 10.116718857948307, 14.38625909635608, 5.324907408056687, 8.040967174849618, 10.692729893659058, 5.4956359144764875, 9.843725881607998, 11.762906790064285, 10.764965332016011, 13.91641155255732, 9.373418572298437, 11.151808779655237, 9.498318986215946, 10.21500738974228, 9.118118031478017, 9.248592373056567, 6.491475777475398, 6.774836730950989, 7.294390463993544, 11.491440140115632, 11.109312158115898, 8.88597302281578, 13.48775448962669, 13.771274270923179, 11.136714469595082, 14.699366500749152], [12.581843656119359, 14.19791786012717, 8.865819778376547, 99999999.0, 7.139301040006024, 8.162333757540209, 5.140550220865658, 14.890642334048259, 11.901659971974265, 5.806445186641436, 8.17613528509192, 6.070821876394762, 8.25252256375386, 9.298232265746762, 12.791179144129835, 9.417570254336535, 8.112332134087772, 5.514485199917223, 10.043319198779368, 10.242494517532824, 10.205696686399985, 13.456695239683858, 9.144738373676335, 5.166327057818899, 10.128897025482487, 5.470234124200285, 7.028395689559054, 12.662778548611044, 11.724773409783246, 13.246509761369236], [13.167285699588117, 13.212206264355103, 10.116718857948307, 7.139301040006024, 99999999.0, 8.521353724038145, 8.01348285518163, 12.601847097676387, 12.958868348983597, 5.767300647056342, 10.91220754547466, 8.423201180734447, 7.823537590788844, 14.657418868130971, 14.82199081324708, 12.251640385268997, 13.929830098076513, 12.5403144882374, 7.846167190897317, 13.387260405354533, 6.962926390451603, 12.762066662719466, 14.470281944974928, 11.831688144205554, 13.781181802491004, 8.32329411848508, 12.419484791509717, 7.564034454008657, 11.37466472665549, 12.963253808030267], [11.662628689851388, 8.096647050309205, 14.38625909635608, 8.162333757540209, 8.521353724038145, 99999999.0, 11.09244890327966, 12.666179356508927, 6.227403766380929, 7.395102387403894, 8.548512508875623, 5.263765664478834, 8.669395528431547, 10.15906811604972, 7.594241089327034, 5.582523587483026, 12.953143862461909, 8.084396176240851, 12.484439494589832, 8.316044626538076, 11.803722547764599, 10.992598124421303, 6.676203226765855, 11.068639091419499, 11.388170093017873, 6.8483722108626175, 5.677386939956231, 9.792416001822684, 6.311385759410672, 5.113495220228817], [10.737881369789784, 14.044133922346763, 5.324907408056687, 5.140550220865658, 8.01348285518163, 11.09244890327966, 99999999.0, 10.488026620525229, 10.751536468192125, 13.708424149225293, 7.651755603400532, 10.14803658988182, 11.203992312895716, 8.693365329480095, 7.968264202235273, 10.049568019113392, 13.096362191933792, 12.335910517915918, 8.399403435912415, 13.092237893286537, 9.14984967958553, 5.326224485008284, 13.492497001470948, 11.823652380025298, 14.932089466769302, 9.79679813789278, 10.817974228451607, 5.230641482632022, 14.37259026973022, 5.363370076827123], [8.996098743608206, 7.984014114471791, 8.040967174849618, 14.890642334048259, 12.601847097676387, 12.666179356508927, 10.488026620525229, 99999999.0, 10.905677929326526, 7.512394676992026, 11.889352766806576, 12.84530498748935, 6.894865558922797, 9.748578787051262, 13.749115643029931, 5.7745180829320875, 9.77225032441059, 7.271034982193445, 5.749358045355968, 12.049253676547437, 11.687536026303903, 14.485591550611671, 6.7091167494984205, 9.659743459180948, 9.936420623577332, 11.40185804382539, 12.725798023854201, 10.19407289641549, 10.609770549878565, 11.671967386756375], [12.773145872267223, 11.649006247177708, 10.692729893659058, 11.901659971974265, 12.958868348983597, 6.227403766380929, 10.751536468192125, 10.905677929326526, 99999999.0, 10.074793305718734, 11.748215321222393, 5.559045933856214, 14.984490276694553, 6.00927682315492, 9.66405137697492, 9.801084941354198, 11.31619238033575, 11.270682984963212, 7.76678131629514, 6.301311953100605, 12.720322259840406, 10.346965723773968, 12.083238787252691, 13.486880476536808, 9.222423338720741, 10.674032056617987, 5.614393158810693, 9.928719603170645, 6.854758826968691, 14.909520400650411], [7.232217560570103, 8.745566786674383, 5.4956359144764875, 5.806445186641436, 5.767300647056342, 7.395102387403894, 13.708424149225293, 7.512394676992026, 10.074793305718734, 99999999.0, 6.108567930015686, 11.481220841120145, 13.977777754757575, 12.05932243203435, 12.987357117312932, 8.972061182067407, 8.490577984101305, 11.353548116165884, 7.857422928280162, 14.406843978504254, 11.322572200159495, 13.698677054704612, 14.8598951970229, 14.76747808308306, 8.852463563325177, 10.788746507242273, 12.837675987727632, 8.930086476479147, 5.431092498084713, 8.552119339965916], [5.487227832956011, 13.672291952618819, 9.843725881607998, 8.17613528509192, 10.91220754547466, 8.548512508875623, 7.651755603400532, 11.889352766806576, 11.748215321222393, 6.108567930015686, 99999999.0, 6.505791963214081, 14.440751706449507, 9.339153299308435, 11.663984931931282, 11.811097544163754, 12.18935240107551, 11.216284131208585, 6.9973019128741, 7.480463832418982, 6.227166334483573, 9.304642579559896, 6.864179264406447, 6.171535273011127, 5.683452065297267, 12.43469434067789, 13.254542706381244, 12.316312406582416, 14.506354784911343, 11.565393247837168], [9.42638777540742, 9.541530331004658, 11.762906790064285, 6.070821876394762, 8.423201180734447, 5.263765664478834, 10.14803658988182, 12.84530498748935, 5.559045933856214, 11.481220841120145, 6.505791963214081, 99999999.0, 10.692094500709608, 14.336266028254716, 5.856572888223122, 12.807788205083682, 7.015493720713996, 7.721603562999698, 11.15477151278888, 10.050657771205707, 7.671366561193138, 6.506828206929921, 10.598187390525377, 5.914215902594957, 12.492254665709467, 9.234345740583981, 6.749413428657423, 8.692213677250436, 8.081402796022513, 10.743029862837364], [9.072003591925782, 13.851924894836912, 10.764965332016011, 8.25252256375386, 7.823537590788844, 8.669395528431547, 11.203992312895716, 6.894865558922797, 14.984490276694553, 13.977777754757575, 14.440751706449507, 10.692094500709608, 99999999.0, 12.122261412828005, 9.889190762321116, 5.3144156536517535, 7.406110948680019, 10.330214577254091, 14.166381543898215, 7.967854888293172, 7.669064319434273, 7.434056538515492, 8.477319954815613, 10.737094327549174, 9.935008234427798, 14.895228789930767, 6.799795157752958, 12.707062199024973, 11.482625459057903, 10.629716141701083], [13.185359171260775, 7.801518421584218, 13.91641155255732, 9.298232265746762, 14.657418868130971, 10.15906811604972, 8.693365329480095, 9.748578787051262, 6.00927682315492, 12.05932243203435, 9.339153299308435, 14.336266028254716, 12.122261412828005, 99999999.0, 12.437726434932692, 11.522234748515594, 9.525859206469843, 7.840591441573585, 12.010947189471906, 8.82310536750417, 7.664652873554036, 14.2845228258394, 12.741945056313657, 10.536889597733971, 9.02712573038249, 9.567796529452927, 6.277791717201722, 12.492127214739082, 14.794992813837084, 7.231411788735058], [9.25056630248021, 12.642706080621037, 9.373418572298437, 12.791179144129835, 14.82199081324708, 7.594241089327034, 7.968264202235273, 13.749115643029931, 9.66405137697492, 12.987357117312932, 11.663984931931282, 5.856572888223122, 9.889190762321116, 12.437726434932692, 99999999.0, 13.75708008812959, 11.516069908537164, 5.580941339068557, 6.150895396788419, 8.53044599045208, 6.1299131129646796, 5.281422831641701, 12.345207448026827, 8.569070870426122, 10.226679976065837, 11.344790722253965, 6.23515440957897, 12.743047340266244, 9.008640945691262, 11.078969005393745], [6.150265296443838, 12.981827200752598, 11.151808779655237, 9.417570254336535, 12.251640385268997, 5.582523587483026, 10.049568019113392, 5.7745180829320875, 9.801084941354198, 8.972061182067407, 11.811097544163754, 12.807788205083682, 5.3144156536517535, 11.522234748515594, 13.75708008812959, 99999999.0, 10.157622728577268, 8.041509749820511, 8.232742130796169, 8.484511064239005, 14.676344356486116, 10.907561363883982, 8.600360678240898, 5.342204317652907, 13.245034710048234, 11.740577629474046, 7.984904612016878, 6.437875480511757, 5.370351542381594, 9.558275058341078], [13.220641164520254, 12.660654293096545, 9.498318986215946, 8.112332134087772, 13.929830098076513, 12.953143862461909, 13.096362191933792, 9.77225032441059, 11.31619238033575, 8.490577984101305, 12.18935240107551, 7.015493720713996, 7.406110948680019, 9.525859206469843, 11.516069908537164, 10.157622728577268, 99999999.0, 14.955405000473748, 14.000191049470537, 10.25154652272608, 7.005732818728195, 14.866979281615333, 8.292792889874802, 6.503031342647997, 9.580701522564539, 9.022072471992983, 12.09395215695142, 10.539242577890887, 5.117275161992182, 5.188484136432253], [7.64983322519507, 9.253043778266619, 10.21500738974228, 5.514485199917223, 12.5403144882374, 8.084396176240851, 12.335910517915918, 7.271034982193445, 11.270682984963212, 11.353548116165884, 11.216284131208585, 7.721603562999698, 10.330214577254091, 7.840591441573585, 5.580941339068557, 8.041509749820511, 14.955405000473748, 99999999.0, 11.30339173486066, 9.8855614991568, 6.0726339576815995, 10.60350139525827, 5.3796867127552215, 7.831491537522236, 5.478701638148145, 8.091996797117197, 6.0812054252498555, 5.165449562004261, 10.610741203551994, 10.642072701546562], [14.892821709224249, 14.597590784161206, 9.118118031478017, 10.043319198779368, 7.846167190897317, 12.484439494589832, 8.399403435912415, 5.749358045355968, 7.76678131629514, 7.857422928280162, 6.9973019128741, 11.15477151278888, 14.166381543898215, 12.010947189471906, 6.150895396788419, 8.232742130796169, 14.000191049470537, 11.30339173486066, 99999999.0, 6.915856434987382, 14.597615393664938, 7.4147551654674535, 12.801278963843341, 8.160875002336407, 8.968309554804298, 7.873801236725843, 6.953446152555554, 7.484673832107095, 5.034622753972933, 12.996538844763093], [12.318992258161535, 13.226166245380615, 9.248592373056567, 10.242494517532824, 13.387260405354533, 8.316044626538076, 13.092237893286537, 12.049253676547437, 6.301311953100605, 14.406843978504254, 7.480463832418982, 10.050657771205707, 7.967854888293172, 8.82310536750417, 8.53044599045208, 8.484511064239005, 10.25154652272608, 9.8855614991568, 6.915856434987382, 99999999.0, 14.378153165149325, 7.0467759854550955, 5.3663661973800885, 12.515202019205791, 11.007954099599242, 6.462505751873241, 10.587376991166966, 12.340445498687636, 13.25130929547595, 9.048429938834804], [5.939359100911304, 13.740790431104088, 6.491475777475398, 10.205696686399985, 6.962926390451603, 11.803722547764599, 9.14984967958553, 11.687536026303903, 12.720322259840406, 11.322572200159495, 6.227166334483573, 7.671366561193138, 7.669064319434273, 7.664652873554036, 6.1299131129646796, 14.676344356486116, 7.005732818728195, 6.0726339576815995, 14.597615393664938, 14.378153165149325, 99999999.0, 14.947895953289482, 12.667425273472155, 9.607637787285253, 13.57387001345254, 9.95129181712803, 7.657362890551974, 7.038254856376226, 5.3284992816967875, 13.680232992967362], [9.952779353873176, 14.747139633943272, 6.774836730950989, 13.456695239683858, 12.762066662719466, 10.992598124421303, 5.326224485008284, 14.485591550611671, 10.346965723773968, 13.698677054704612, 9.304642579559896, 6.506828206929921, 7.434056538515492, 14.2845228258394, 5.281422831641701, 10.907561363883982, 14.866979281615333, 10.60350139525827, 7.4147551654674535, 7.0467759854550955, 14.947895953289482, 99999999.0, 6.288774311422212, 13.420377537577043, 14.30140872355347, 8.501944565003978, 10.016830008055402, 7.025043153670024, 11.495965363795484, 9.694367704529467], [7.323876196520432, 8.73378522192737, 7.294390463993544, 9.144738373676335, 14.470281944974928, 6.676203226765855, 13.492497001470948, 6.7091167494984205, 12.083238787252691, 14.8598951970229, 6.864179264406447, 10.598187390525377, 8.477319954815613, 12.741945056313657, 12.345207448026827, 8.600360678240898, 8.292792889874802, 5.3796867127552215, 12.801278963843341, 5.3663661973800885, 12.667425273472155, 6.288774311422212, 99999999.0, 5.774422954822546, 5.3004349988982655, 9.214734472398852, 9.797906108551507, 11.160708210070567, 7.412174647818281, 14.372703792125979], [10.265644673443557, 7.180597631151646, 11.491440140115632, 5.166327057818899, 11.831688144205554, 11.068639091419499, 11.823652380025298, 9.659743459180948, 13.486880476536808, 14.76747808308306, 6.171535273011127, 5.914215902594957, 10.737094327549174, 10.536889597733971, 8.569070870426122, 5.342204317652907, 6.503031342647997, 7.831491537522236, 8.160875002336407, 12.515202019205791, 9.607637787285253, 13.420377537577043, 5.774422954822546, 99999999.0, 10.066191219909273, 7.895459627368263, 7.762814901366728, 7.423876302101978, 8.267647039940867, 6.543322235649564], [14.366183011573556, 5.752305596427619, 11.109312158115898, 10.128897025482487, 13.781181802491004, 11.388170093017873, 14.932089466769302, 9.936420623577332, 9.222423338720741, 8.852463563325177, 5.683452065297267, 12.492254665709467, 9.935008234427798, 9.02712573038249, 10.226679976065837, 13.245034710048234, 9.580701522564539, 5.478701638148145, 8.968309554804298, 11.007954099599242, 13.57387001345254, 14.30140872355347, 5.3004349988982655, 10.066191219909273, 99999999.0, 8.753574453220256, 5.675425165827352, 9.539769475782247, 8.639771509763397, 10.12833704444303], [10.245088632117037, 12.250600822433793, 8.88597302281578, 5.470234124200285, 8.32329411848508, 6.8483722108626175, 9.79679813789278, 11.40185804382539, 10.674032056617987, 10.788746507242273, 12.43469434067789, 9.234345740583981, 14.895228789930767, 9.567796529452927, 11.344790722253965, 11.740577629474046, 9.022072471992983, 8.091996797117197, 7.873801236725843, 6.462505751873241, 9.95129181712803, 8.501944565003978, 9.214734472398852, 7.895459627368263, 8.753574453220256, 99999999.0, 10.397111558853888, 12.857992416299044, 6.500269967777481, 8.682999544325405], [5.670796889502459, 13.381857889450458, 13.48775448962669, 7.028395689559054, 12.419484791509717, 5.677386939956231, 10.817974228451607, 12.725798023854201, 5.614393158810693, 12.837675987727632, 13.254542706381244, 6.749413428657423, 6.799795157752958, 6.277791717201722, 6.23515440957897, 7.984904612016878, 12.09395215695142, 6.0812054252498555, 6.953446152555554, 10.587376991166966, 7.657362890551974, 10.016830008055402, 9.797906108551507, 7.762814901366728, 5.675425165827352, 10.397111558853888, 99999999.0, 12.851765770514813, 8.15844728728024, 7.296168551575705], [11.247369748522788, 5.0960998955336345, 13.771274270923179, 12.662778548611044, 7.564034454008657, 9.792416001822684, 5.230641482632022, 10.19407289641549, 9.928719603170645, 8.930086476479147, 12.316312406582416, 8.692213677250436, 12.707062199024973, 12.492127214739082, 12.743047340266244, 6.437875480511757, 10.539242577890887, 5.165449562004261, 7.484673832107095, 12.340445498687636, 7.038254856376226, 7.025043153670024, 11.160708210070567, 7.423876302101978, 9.539769475782247, 12.857992416299044, 12.851765770514813, 99999999.0, 14.686304435732506, 14.628904086091598], [6.629886658594125, 5.955750112813276, 11.136714469595082, 11.724773409783246, 11.37466472665549, 6.311385759410672, 14.37259026973022, 10.609770549878565, 6.854758826968691, 5.431092498084713, 14.506354784911343, 8.081402796022513, 11.482625459057903, 14.794992813837084, 9.008640945691262, 5.370351542381594, 5.117275161992182, 10.610741203551994, 5.034622753972933, 13.25130929547595, 5.3284992816967875, 11.495965363795484, 7.412174647818281, 8.267647039940867, 8.639771509763397, 6.500269967777481, 8.15844728728024, 14.686304435732506, 99999999.0, 6.066081394195932], [9.59953910358455, 6.4056959607493, 14.699366500749152, 13.246509761369236, 12.963253808030267, 5.113495220228817, 5.363370076827123, 11.671967386756375, 14.909520400650411, 8.552119339965916, 11.565393247837168, 10.743029862837364, 10.629716141701083, 7.231411788735058, 11.078969005393745, 9.558275058341078, 5.188484136432253, 10.642072701546562, 12.996538844763093, 9.048429938834804, 13.680232992967362, 9.694367704529467, 14.372703792125979, 6.543322235649564, 10.12833704444303, 8.682999544325405, 7.296168551575705, 14.628904086091598, 6.066081394195932, 99999999.0]], "M": 99999999.0}